


 1   2   2   0   0   0   0   0   0   0   0   0   0   0   0   0   5
 2   1  19   0   0   0   0   0   0   0   0   0   0   0   0   0   0
 3   0   0  20   1   0   0   0   0   0   0   0   0   0   0   0   0
 4   0   0   4  14   4   0   0   0   0   0   0   0   0   0   0   0
 5   0   0   0   0  20   0   0   0   0   0   0   0   0   0   0   0
 6   0   0   0   0   0  18   1   0   0   0   0   0   0   0   0   0
 7   0   0   0   0   0   2  12   4   0   0   0   0   0   0   0   0
 8   0   0   0   0   0   0   1  18   1   0   0   0   0   0   0   0
 9   0   0   0   0   0   0   0   1   9   8   0   0   0   0   0   0
10   0   0   0   0   0   0   0   0   0  21   5   0   0   0   0   0
11   0   0   0   0   0   0   0   0   0   5  17   1   0   0   0   0
12   0   0   0   0   0   0   0   0   0   0   0  23   1   0   0   0
13   0   0   0   0   0   0   0   0   0   0   0   0  21   0   0   0
14   0   0   0   0   0   0   0   0   0   0   0   0   1  23   1   0
15   0   0   0   0   0   0   0   0   0   0   0   0   0   1  13   4
16   0   0   0   0   0   0   0   0   0   0   0   0   0   0   3  13


 1  10   1   0   0   0   0   0   0   0   0   0   0   0   0   0   8
 2   1   8   3   0   0   0   0   0   0   0   0   0   0   0   0   0
 3   0   1  17   0   0   0   0   0   0   0   0   0   0   0   0   0
 4   0   0   4   9   1   0   0   0   0   0   0   0   0   0   0   0
 5   0   0   0   0  17   1   0   0   0   0   0   0   0   0   0   0
 6   0   0   0   0   0  17   4   0   0   0   0   0   0   0   0   0
 7   0   0   0   0   0   0  18   3   0   0   0   0   0   0   0   0
 8   0   0   0   0   0   0   3  23   1   0   0   0   0   0   0   0
 9   0   0   0   0   0   0   0   0  11   4   0   0   0   0   0   0
10   0   0   0   0   0   0   0   0   0  19   5   0   0   0   0   0
11   0   0   0   0   0   0   0   0   0   3  21   0   0   0   0   0
12   0   0   0   0   0   0   0   0   0   0   1  17   0   0   0   0
13   0   0   0   0   0   0   0   0   0   0   0   0  19   0   0   0
14   0   0   0   0   0   0   0   0   0   0   0   0   2  21   2   0
15   0   0   0   0   0   0   0   0   0   0   0   0   0   1  20   7
16   0   0   0   0   0   0   0   0   0   0   0   0   0   0   2  15


 1   8   0   0   0   0   0   0   0   0   0   0   0   0   0   0   7
 2   0  17   1   0   0   0   0   0   0   0   0   0   0   0   0   0
 3   0   1  22   0   0   0   0   0   0   0   0   0   0   0   0   0
 4   0   0   3  11   0   0   0   0   0   0   0   0   0   0   0   0
 5   0   0   0   2  22   0   0   0   0   0   0   0   0   0   0   0
 6   0   0   0   0   0  18   1   0   0   0   0   0   0   0   0   0
 7   0   0   0   0   0   0  11   4   0   0   0   0   0   0   0   0
 8   0   0   0   0   0   0   0  19   2   0   0   0   0   0   0   0
 9   0   0   0   0   0   0   0   0  13   6   0   0   0   0   0   0
10   0   0   0   0   0   0   0   0   0  18   8   0   0   0   0   0
11   0   0   0   0   0   0   0   0   0   1  16   1   0   0   0   0
12   0   0   0   0   0   0   0   0   0   0   2  16   1   0   0   0
13   0   0   0   0   0   0   0   0   0   0   0   0  31   2   0   0
14   0   0   0   0   0   0   0   0   0   0   0   0   1  15   0   0
15   0   0   0   0   0   0   0   0   0   0   0   0   0   3  13   6
16   0   0   0   0   0   0   0   0   0   0   0   0   0   0   2  16


 1  16   0   0   0   0   0   0   0   0   0   0   0   0   0   0   8
 2   1  19   1   0   0   0   0   0   0   0   0   0   0   0   0   1
 3   0   0  16   1   0   0   0   0   0   0   0   0   0   0   0   0
 4   0   0   2  13   2   0   0   0   0   0   0   0   0   0   0   0
 5   0   0   0   1  14   2   0   0   0   0   0   0   0   0   0   0
 6   0   0   0   0   0  22   7   0   0   0   0   0   0   0   0   0
 7   0   0   0   0   0   1  18   2   0   0   0   0   0   0   0   0
 8   0   0   0   0   0   0   2  22   2   0   0   0   0   0   0   0
 9   0   0   0   0   0   0   0   2  13   3   0   0   0   0   0   0
10   0   0   0   0   0   0   0   0   0  19   4   0   0   0   0   0
11   0   0   0   0   0   0   0   0   0   2  19   0   0   0   0   0
12   0   0   0   0   0   0   0   0   0   0   0  12   0   0   0   0
13   0   0   0   0   0   0   0   0   0   0   0   0  21   1   0   0
14   0   0   0   0   0   0   0   0   0   0   0   0   1  13   4   0
15   0   0   0   0   0   0   0   0   0   0   0   0   0   1  15   1
16   1   0   0   0   0   0   0   0   0   0   0   0   0   0   5  10



 1   4   5   0   0   0   0   0   0   0   0   1   0   0   0   1   4
 2   1  14  10   0   0   0   0   0   0   0   0   1   0   0   0   1
 3   0   0  17   0   0   0   0   0   0   0   0   0   0   0   0   0
 4   0   0  12   9   8   0   0   0   0   0   0   0   0   0   0   0
 5   0   0   1   5  13   4   0   0   0   0   0   0   0   0   0   0
 6   0   0   1   0   1  11  10   0   0   0   0   0   0   0   0   0
 7   0   0   0   0   0   1   8   3   0   0   0   0   0   0   0   0
 8   1   0   0   0   0   0   3   9   1   1   0   1   0   0   0   0
 9   0   0   0   0   0   0   0   3   9   5   1   0   0   0   0   1
10   0   0   0   0   0   0   0   1   1  18   7   1   0   0   1   0
11   0   0   1   0   0   0   0   0   0   3  11   0   0   0   0   0
12   0   0   1   0   0   0   0   1   0   2   1  12   6   1   1   0
13   0   0   0   0   0   0   0   0   0   0   0   1  11   2   0   0
14   0   0   0   0   0   0   0   0   0   0   0   0   3   4   4   0
15   0   0   0   0   0   0   0   0   0   0   0   0   0   3  12   5
16   1   1   2   0   0   0   0   0   0   1   0   0   0   0  10  10


 1  12   3   1   0   0   0   0   0   0   0   0   0   0   0   3   8
 2   2  15   7   0   0   0   1   0   0   1   0   0   0   0   0   0
 3   0   2  10   3   0   0   2   0   0   0   0   0   0   0   0   0
 4   0   0   8  11   2   1   1   0   0   0   0   0   0   0   0   0
 5   0   0   0   4  13   4   2   0   0   0   0   0   0   1   0   0
 6   0   0   0   1   3   9  12   0   0   0   0   0   1   0   0   0
 7   0   0   0   0   0   1  21   1   0   1   0   0   0   1   0   0
 8   0   0   0   0   0   0  10   6   1   1   0   0   0   0   0   0
 9   0   0   0   0   0   0   2   3   9   3   0   0   0   0   0   1
10   0   1   0   0   0   0   0   0   0  11   6   0   0   0   0   0
11   0   0   0   0   0   0   2   0   0   2  17   1   0   0   0   1
12   0   0   0   0   0   0   2   0   0   0   6  10   1   0   0   0
13   0   0   0   0   0   0   1   0   0   0   0   1  11   4   0   0
14   0   0   0   0   0   0   1   0   0   0   0   0   2   4   1   0
15   0   0   0   0   0   0   0   0   0   0   0   0   1   2  14   1
16   0   1   0   0   0   0   0   0   0   0   0   0   0   0   4   8


 1   4   2   0   1   0   0   0   0   0   0   1   0   0   0   0   5
 2   4  15   3   0   0   0   0   0   0   1   1   0   0   0   0   1
 3   0   4   9   4   0   0   0   0   0   0   0   0   1   0   0   1
 4   0   0   4  13   4   0   0   0   0   0   0   0   0   0   0   0
 5   0   0   0   0  23   3   0   1   0   0   0   0   0   0   0   0
 6   0   0   0   0   1   4   6   0   0   0   0   0   0   0   0   0
 7   0   0   0   0   0   2  13   5   0   0   1   0   0   0   0   0
 8   1   0   0   0   0   1   5  10   3   0   0   0   0   0   0   0
 9   0   0   0   0   0   0   1   3   6   6   3   0   1   0   0   1
10   0   0   0   0   0   0   0   0   0   7  12   0   0   0   0   0
11   0   0   0   0   0   0   0   0   0   2  12   2   0   0   0   1
12   0   0   0   0   0   0   0   0   0   0   6  12   0   0   0   0
13   0   0   0   0   0   0   0   0   0   0   4   1  18   2   1   0
14   0   0   0   0   0   0   0   0   0   0   0   0   7  18   0   2
15   0   0   0   0   0   0   0   0   0   0   0   0   0   3  10   2
16   2   1   0   0   0   0   0   0   0   0   0   0   0   1   8   8


 1   8   6   1   0   0   0   0   0   0   0   0   0   0   0   1   9
 2   1  12   4   0   0   0   0   0   0   0   0   0   0   0   1   2
 3   0   2  15   3   1   0   0   0   0   0   0   0   0   0   1   0
 4   0   1   5   8   5   0   0   0   0   0   0   0   0   0   0   0
 5   0   0   0   0  13   1   1   0   0   0   0   0   0   0   0   0
 6   0   0   1   0   0  14   5   0   0   0   0   0   0   0   0   0
 7   0   0   0   0   0   3   9   3   0   0   0   0   0   0   0   0
 8   0   0   0   0   0   1   3  17   2   1   0   0   0   0   0   0
 9   0   0   0   0   0   0   0   4   8   5   1   1   0   0   2   0
10   0   0   0   0   0   2   0   0   0  13   3   1   0   0   1   0
11   0   0   0   0   0   1   0   2   0   2  11   1   0   0   2   0
12   0   0   0   0   0   0   0   0   0   0   6  11   1   0   2   1
13   0   0   0   0   0   0   0   0   0   0   0   0  25   0   6   0
14   0   0   0   0   0   0   0   0   0   0   0   0   3   5   6   1
15   0   0   0   0   0   0   0   0   0   0   0   0   0   1  17   0
16   0   0   0   0   0   0   0   0   0   0   0   0   0   0   9   6



 1   8   3   3   0   1   0   0   0   0   1   0   1   0   0   1   3
 2   2   4   6   0   0   1   0   0   0   0   1   1   0   0   1   0
 3   1   2  10   1   0   0   0   0   0   1   2   0   0   0   0   0
 4   0   0  12   3   3   2   0   0   0   0   0   1   0   0   1   0
 5   0   0   1   0   6   2   3   1   1   0   0   0   0   0   0   0
 6   0   0   1   0   1  11   4   1   0   0   0   1   0   0   0   0
 7   0   1   0   0   0   1   9   9   0   0   0   1   0   0   1   0
 8   0   0   2   0   0   0   2   8   1   0   1   2   0   0   0   0
 9   0   1   3   0   0   0   0   6   4   2   3   0   1   0   1   0
10   0   0   0   0   0   0   0   0   1   4   7   0   1   0   0   4
11   0   0   4   0   0   0   1   1   0   2  11   5   0   0   1   0
12   1   1   3   0   0   0   0   0   0   2   4   4   2   0   4   0
13   0   0   2   0   0   0   0   0   1   2   0   4  10   0   1   0
14   0   0   5   0   0   0   0   0   0   0   0   2   3  10   7   2
15   0   1   2   0   0   0   0   1   0   0   0   0   0   2   9   5
16   1   1   1   0   0   1   0   1   1   0   0   0   1   2   1  10


 1   4   3   0   0   0   0   4   0   0   0   0   0   0   1   0   5
 2   3  13   5   0   0   0   1   0   0   0   0   1   0   1   2   2
 3   0   2  14   7   0   0   2   0   0   0   0   1   0   0   1   0
 4   0   1   1  12   3   0   1   0   0   0   0   0   0   0   0   0
 5   0   0   0   3   9   1   2   0   0   0   0   0   0   0   1   0
 6   1   0   0   0   0   8  10   0   0   0   0   2   1   0   0   0
 7   0   1   1   0   0   0  13   2   0   1   0   0   1   0   0   0
 8   0   0   0   0   0   0   7   6   4   1   0   0   0   0   0   0
 9   0   1   1   0   0   0   6   1   6   5   3   3   0   0   0   1
10   0   1   0   1   0   0   2   0   0   6   6   1   1   1   0   0
11   1   1   0   0   0   0   5   0   0   1  14   1   0   0   0   0
12   0   0   1   0   0   0   2   0   1   1   2  10   0   1   0   0
13   0   0   0   0   0   0   0   0   0   0   0   2   7   2   1   1
14   0   0   0   0   0   0   3   0   0   0   0   0   4   8   5   0
15   1   0   0   0   0   0   0   1   0   0   1   0   1   2   7   1
16   0   2   0   1   0   0   0   0   1   0   1   2   1   1   6   6


 1   8   3   0   0   0   0   0   1   1   0   4   0   0   2   0   2
 2   1  10   6   0   0   1   0   1   0   0   1   0   0   1   1   2
 3   0   4  12   1   0   0   0   1   0   0   1   0   0   0   0   0
 4   0   0   8   9   5   0   1   0   0   0   1   0   0   1   1   0
 5   0   0   1   4  10   6   0   1   0   0   0   0   0   0   0   0
 6   0   0   1   0   0  12   1   0   0   0   2   1   2   0   1   1
 7   0   1   0   0   0   1   5   5   1   0   2   0   1   0   1   0
 8   0   0   0   0   0   0   4  10   2   0   5   0   0   0   1   1
 9   0   1   0   0   0   0   0   5   5   1   5   0   1   0   3   0
10   1   1   0   0   0   0   0   0   0   3   7   0   0   0   2   0
11   0   0   0   0   0   0   0   0   0   0  17   0   1   1   0   0
12   2   1   0   1   0   0   1   0   0   0   8   7   1   0   1   0
13   0   1   0   1   0   0   0   0   0   0   3   1   8   2   0   0
14   0   0   1   0   0   0   0   0   0   0   1   0   6   5   3   0
15   0   0   2   0   1   0   1   1   0   0   2   0   1   3  11   0
16   1   0   0   0   1   0   0   0   1   0   1   0   0   0   4   9


 1   6   1   0   0   0   0   0   0   0   0   0   0   0   0  12   6
 2   2   8   0   0   0   0   1   1   0   0   0   2   0   0   3   0
 3   0   3   3   6   1   0   1   1   0   0   0   1   0   0   5   0
 4   0   0   2   7   2   1   0   0   0   0   1   0   0   0   4   0
 5   0   0   1   1   7   3   2   0   0   0   0   0   0   0   2   0
 6   0   0   0   0   0   9   4   0   0   1   0   0   0   0   3   0
 7   0   0   0   0   0   1   7  11   0   1   0   0   0   0   4   0
 8   2   0   0   1   0   1   2  18   1   0   2   0   0   0   2   0
 9   0   0   0   0   0   0   0   4   2   5   4   1   1   0   2   0
10   0   0   0   0   0   0   0   0   1   5  10   1   0   0   3   0
11   0   0   1   0   0   1   0   0   0   1   5   4   0   0   2   0
12   0   0   1   0   0   1   2   1   0   1   1  10   0   1   6   1
13   0   0   0   0   0   0   0   1   0   0   0   1  10   1   5   0
14   0   0   0   0   0   0   0   0   0   0   0   0   1   9   9   0
15   0   0   0   0   0   0   0   1   0   0   1   1   0   0  16   3
16   0   0   0   0   0   1   0   0   0   2   0   0   0   0   8   6



 1  69   6   0   0   0   0   0   0   0   0   0   0   0   0   0   2
 2  14  63   7   0   0   0   0   0   0   0   0   0   0   0   0   0
 3   0   8  78   6   0   0   0   0   0   0   0   0   0   0   0   0
 4   0   1   2  71   7   0   0   0   0   0   0   0   0   0   0   0
 5   0   0   0   8  62  11   0   0   0   0   0   0   0   0   0   0
 6   0   0   0   0   6  64   3   0   0   0   0   0   0   0   0   0
 7   0   0   0   0   0   9  50  10   0   0   0   0   0   0   0   0
 8   0   0   0   0   0   0   2  81  15   0   0   0   0   0   0   0
 9   0   0   0   0   0   0   0   8  77  10   0   0   0   0   0   0
10   0   0   0   0   0   0   0   0   7  71   3   0   0   0   0   0
11   0   0   0   0   0   0   0   0   0  12  66   4   0   0   0   0
12   0   0   0   0   0   0   0   0   0   0   2  68   9   0   0   0
13   0   0   0   0   0   0   0   0   0   0   0   4  60   8   0   0
14   0   0   0   0   0   0   0   0   0   0   0   0   7  53   3   0
15   0   0   0   0   0   0   0   0   0   0   0   0   0   5  53  10
16  16   0   0   0   0   0   0   0   0   0   0   0   0   0   2  67



 1  67   3   0   1   0   1   0   1   0   0   0   0   0   0   0   4
 2  37  33   9   1   0   0   0   0   0   0   0   0   0   0   0   0
 3   8  18  48  15   2   0   0   0   0   1   0   0   0   0   0   0
 4   2   2   9  52  20   2   0   0   0   0   0   1   0   0   0   0
 5   3   0   0   8  50   9   1   0   0   1   0   0   0   0   0   0
 6   2   0   0   2  22  35   9   2   0   1   0   0   0   0   1   0
 7   2   0   0   0   0   9  37  12   2   1   0   0   0   1   0   0
 8   2   0   0   0   1   2   7  51  16   1   0   0   1   0   0   1
 9   1   0   1   0   0   1   1  12  43   8   0   0   0   0   0   0
10   1   0   0   0   0   1   0   3  12  50  12   3   1   0   0   0
11   2   0   0   0   0   0   0   0   3  13  54  13   2   2   0   0
12   2   0   0   1   0   0   0   2   0   0   6  36  20   1   0   0
13   5   0   0   0   0   0   0   1   0   2   0   9  46  14   0   0
14   5   1   0   0   0   0   1   1   0   0   0   1  29  42   7   2
15  11   0   1   0   0   1   0   1   1   0   0   0   2  11  48  15
16  40   1   0   0   0   0   1   0   0   1   0   0   0   2   7  35



 1  56   6   1   2   0   0   1   1   2   1   0   1   2   1   1   2
 2  35  22   8   3   1   0   2   2   0   2   0   2   2   0   0   0
 3  22   8  26  10   6   4   1   1   0   2   0   1   1   0   0   0
 4   7   0   9  30  13   2   1   1   2   2   0   1   0   3   0   0
 5  12   0   1   8  37  16   1   0   3   2   2   1   2   2   0   1
 6   9   0   1   1  10  34   4   2   1   2   1   0   2   0   1   0
 7   9   0   0   2   1  11  26  10   6   1   1   0   1   1   1   1
 8   7   0   0   1   1   2   6  31  22   0   1   2   0   5   0   0
 9   9   1   0   0   2   1   1   9  37  18   1   1   1   1   0   0
10   6   0   3   1   2   3   1   4  20  37   8   2   7   1   1   1
11   8   0   0   0   0   0   1   3   1  17  26  14   5   2   1   0
12  11   1   2   0   1   2   0   1   3   4   7  40  23   3   0   0
13   8   0   1   0   2   2   0   2   1   0   0   6  33  21   1   1
14  13   1   0   1   2   2   1   1   2   1   1   4   7  42   6   2
15  15   0   2   0   3   0   0   2   1   2   0   0   1  12  32   6
16  32   0   0   1   2   2   2   1   1   1   1   0   1   0   3  24
