


 1  16   1   2   0   0   0   0   0   0   0   0   0   0   0   0   4
 2   2  13   5   0   0   0   0   0   0   0   0   0   0   0   0   0
 3   0   9  11   0   0   0   0   0   0   0   0   0   0   0   0   0
 4   0   0   7   6   0   0   0   0   0   0   0   0   0   0   0   0
 5   0   0   0   2  15   1   0   0   0   0   0   0   0   0   0   0
 6   0   0   1   0   1   8   6   1   0   0   0   0   0   0   0   0
 7   0   0   1   0   0   0   7  23   0   0   0   0   0   0   0   0
 8   0   0   3   0   0   0   0  11   8   0   0   0   0   0   0   0
 9   0   0   1   0   0   0   0   0  10   2   0   0   0   0   0   0
10   0   0   0   0   0   0   0   0   0   5   8   0   0   0   0   0
11   0   0   1   0   0   0   0   0   0   0  17   2   0   0   0   0
12   0   0   0   0   0   0   0   0   0   0   3  19   0   0   0   0
13   0   0   1   0   0   0   0   0   0   0   0   0  22   1   0   0
14   0   0   0   0   0   0   0   0   0   0   0   0   1  23   2   0
15   0   0   1   0   0   0   0   0   0   0   0   0   0   0  15   0
16   0   0   0   0   0   0   0   0   0   0   0   0   0   0   5  17


 1  14   2   0   0   0   0   1   0   0   0   0   0   0   0   0   2
 2   3  14   1   0   0   0   0   0   0   0   0   0   0   0   0   0
 3   0   7   8   1   0   0   2   0   0   0   0   0   0   0   0   0
 4   0   0   4  18   2   0   0   0   0   0   0   0   0   0   0   0
 5   0   0   0   5  22   0   1   0   0   0   0   0   0   0   0   0
 6   0   0   0   0   1   8   9   0   0   0   0   0   0   0   0   0
 7   0   0   0   0   0   1  17   2   0   0   0   0   0   0   0   0
 8   0   0   0   0   0   0  11   3   6   0   0   0   0   0   0   0
 9   0   0   0   0   0   0   2   0   9   5   0   0   0   0   0   0
10   0   0   0   0   0   0   1   0   0   8  11   0   0   0   0   0
11   0   0   0   0   0   0   0   0   0   0  18   0   0   0   0   0
12   0   0   0   0   0   0   1   0   0   0   1  22   0   0   0   0
13   0   0   0   0   0   0   2   0   0   0   0   0  23   0   0   0
14   0   0   0   0   0   0   0   0   0   0   0   0   0  17   1   0
15   0   0   0   0   0   0   0   0   0   0   0   0   0   0  16   0
16   0   0   0   0   0   0   0   0   0   0   0   0   0   0   4  14


 1  15   2   0   0   0   0   0   0   0   0   1   0   0   0   1   3
 2   1  13   2   0   0   0   0   0   0   0   0   0   0   0   0   0
 3   0  11  14   0   0   0   0   0   0   0   1   0   0   0   0   0
 4   0   0   3  16   0   0   0   0   0   0   3   0   0   0   0   0
 5   0   0   0   1  17   4   0   0   0   0   2   0   0   0   0   0
 6   0   0   0   0   1   9   4   1   0   0   0   0   0   0   0   0
 7   0   0   0   0   0   0   8  10   2   0   1   0   0   0   0   0
 8   0   0   0   0   0   0   0   6   9   0   1   0   0   0   0   0
 9   0   0   0   0   0   0   0   1  13   5   1   0   0   0   0   0
10   0   0   0   0   0   0   0   0   0  10  14   0   0   0   0   0
11   0   0   0   0   0   0   0   0   0   1  16   2   0   0   0   0
12   0   0   0   0   0   0   0   0   0   0   6  16   1   0   0   0
13   0   0   0   0   0   0   0   0   0   0   0   0  20   0   0   0
14   0   0   0   0   0   0   0   0   0   0   0   0   1  11   0   0
15   0   0   0   0   0   0   0   0   0   0   0   0   0   0  19   2
16   0   1   0   0   0   0   0   0   0   0   0   0   0   0   4  14


 1  15   2   0   0   0   0   0   0   0   0   0   0   0   0   3   5
 2   2  12   1   0   0   0   0   0   0   0   0   0   0   0   1   0
 3   0  10  13   0   0   0   0   0   0   0   0   0   0   0   0   0
 4   0   0   2  10   1   0   0   0   0   0   0   0   0   0   2   0
 5   0   0   0   3  17   1   0   0   0   0   0   0   0   0   0   0
 6   0   0   0   0   0   4   7   4   0   0   0   0   0   0   2   0
 7   0   0   0   0   0   2   3   9   0   0   0   0   0   0   2   0
 8   0   0   0   0   0   0   0  10  11   0   0   0   0   0   0   0
 9   0   0   0   0   0   0   0   0  11   8   0   0   0   0   1   0
10   0   0   0   0   0   0   0   0   0   8   8   1   0   0   0   0
11   0   0   0   0   0   0   0   0   0   0  16   1   0   0   2   0
12   0   0   0   0   0   0   0   0   0   0   2  12   0   0   0   0
13   0   0   0   0   0   0   0   0   0   0   0   0  25   2   0   0
14   0   0   0   0   0   0   0   0   0   0   0   0   0  13   4   0
15   0   0   0   0   0   0   0   0   0   0   0   0   0   0  28   0
16   1   0   0   0   0   0   0   0   0   0   0   0   0   0   7  16



 1   5   2  14   0   0   0   0   1   0   0   0   0   0   0   0   0
 2   0   4  24   0   0   1   0   0   0   0   1   0   0   0   0   0
 3   0   2  24   0   0   0   0   0   0   0   1   0   0   0   0   0
 4   0   0  21   2   1   0   0   0   0   0   0   0   0   0   0   0
 5   0   0  16   0   1   0   1   0   0   0   0   1   0   0   0   0
 6   0   0  11   0   0   2   3   1   1   0   0   0   0   0   0   0
 7   0   0   9   0   0   0   2   3   0   0   1   0   0   0   0   0
 8   0   0   8   0   0   0   2   4   3   0   0   0   1   0   0   0
 9   0   0  11   0   0   0   0   2   3   4   0   0   0   0   0   0
10   1   0   4   0   0   0   1   0   0   3   5   0   0   0   0   0
11   0   0  11   0   0   0   0   0   0   0   5   2   0   0   0   0
12   0   0  10   0   0   0   0   0   0   0   1  12   2   0   0   0
13   0   0   4   0   0   0   0   0   0   0   0   0  14   1   0   0
14   0   0   2   0   0   0   0   0   0   0   0   0   1   7   2   0
15   0   0   7   0   0   0   0   0   0   0   0   0   0   1   9   0
16   0   0  14   0   0   0   0   0   0   0   0   0   0   1   3   4


 1   2   0   0   0   0   0   6   0   0   0   0   0   0   1   0   2
 2   1   8   0   0   0   0  11   0   0   0   0   0   0   0   0   0
 3   0   0   1   0   0   0  16   0   0   0   0   0   0   0   0   0
 4   0   0   3   8   1   0   5   0   0   0   0   0   0   0   0   0
 5   0   0   0   3   5   0  18   0   0   0   0   0   0   1   0   0
 6   0   0   0   0   1   0  16   0   0   0   0   0   0   0   0   1
 7   0   0   0   0   0   1  22   0   0   0   0   0   0   0   0   0
 8   0   0   0   1   0   0  14   0   2   1   0   0   0   0   0   0
 9   0   0   0   0   0   0  20   0   3   2   1   0   1   0   0   0
10   0   0   0   0   0   0  13   0   0   3   5   2   0   0   0   0
11   0   0   0   0   0   0   8   0   0   0   9   1   0   0   0   0
12   0   0   1   0   0   0  10   0   0   0   2   6   0   0   0   0
13   0   0   0   0   0   0   4   0   0   0   0   1  21   2   0   0
14   0   0   0   0   0   0   5   0   0   0   0   0   0   5   3   0
15   0   0   0   0   0   0   6   0   0   0   0   0   0   1  11   0
16   2   0   0   0   0   0  12   0   0   0   0   0   0   0   4   5


 1   5   0   0   1   0   0   0   0   0   0  17   0   0   0   1   2
 2   0   7   1   0   0   0   0   0   0   0  12   0   0   0   0   0
 3   0   5   3   2   0   0   0   0   0   0  13   0   0   0   0   0
 4   0   0   3   8   0   0   0   0   0   0  12   0   0   0   0   0
 5   0   0   0   3   4   0   0   0   0   0   7   0   0   0   0   0
 6   0   0   0   0   0   3   2   2   0   0  16   0   0   0   0   0
 7   0   0   0   0   0   0   0   3   1   0  14   0   1   0   0   0
 8   0   0   0   0   0   0   0   4   0   1  13   0   0   0   0   0
 9   0   0   0   0   0   0   0   1   3   1  15   0   0   0   0   0
10   0   0   0   0   0   0   0   0   1   2  24   0   0   0   0   0
11   0   0   0   0   0   0   0   0   0   0  12   0   0   0   0   0
12   0   0   0   0   0   0   0   1   0   0  13   7   1   0   0   0
13   0   0   0   0   0   0   0   0   0   0   3   0  10   0   0   0
14   0   0   0   0   0   0   0   0   0   0   3   0   1  13   3   0
15   0   0   0   0   0   0   0   0   0   0   5   0   0   3  11   1
16   0   2   0   0   0   0   0   0   0   0   8   0   0   0   4   6


 1   3   2   0   0   0   0   0   0   0   0   0   0   0   0  17   3
 2   1   6   0   0   0   0   0   0   0   0   0   0   0   0  13   0
 3   0   2   4   2   0   0   0   0   0   0   1   0   0   0  12   0
 4   0   0   3   3   2   0   0   0   0   0   0   0   0   0  15   0
 5   0   0   1   4   4   2   0   0   0   0   1   0   0   0  10   0
 6   0   0   0   0   0   2   3   1   0   0   0   0   0   0  19   0
 7   0   0   0   0   0   0   2   2   1   0   1   0   0   0  17   0
 8   0   0   0   0   0   0   0   3   0   0   0   0   0   0  16   0
 9   0   0   0   0   0   0   0   1   6   6   0   0   0   0  10   1
10   0   0   0   0   0   0   0   0   1   6   7   0   0   0  10   0
11   0   0   0   0   0   0   0   0   0   0  10   0   1   0   7   0
12   0   0   0   0   0   0   0   0   0   0   0   1   0   1   8   0
13   0   0   0   0   0   0   0   0   0   0   0   0  11   2   4   0
14   0   0   0   0   0   0   0   0   0   0   0   0   0   8   6   0
15   0   1   0   0   0   0   0   0   0   0   0   0   0   0  17   0
16   1   1   0   0   0   0   0   0   0   0   0   0   0   0  11   4



 1   4   0  20   0   0   0   0   0   0   1   0   0   0   1   0   1
 2   1   4  24   0   0   0   0   0   0   0   0   0   0   0   0   0
 3   0   0  21   0   0   0   0   0   0   0   0   0   0   0   0   0
 4   0   0  16   0   0   0   0   0   0   0   0   0   0   0   1   0
 5   0   0  18   0   1   0   1   0   0   0   0   0   0   0   0   0
 6   0   0  18   0   0   1   0   1   0   0   0   0   0   0   0   0
 7   0   0  14   0   0   0   0   4   0   0   0   0   0   0   0   0
 8   0   0  18   0   0   1   0   1   0   0   0   0   0   0   0   0
 9   0   0  20   0   0   0   0   0   2   1   0   1   0   0   0   0
10   1   0   6   0   0   0   0   1   0   2   2   2   0   0   0   0
11   0   0  13   0   0   0   0   0   0   1   4   1   0   0   1   0
12   0   0  12   0   0   0   0   0   0   0   4   4   0   0   0   0
13   0   0  10   0   0   0   0   0   0   0   1   1   5   2   0   0
14   0   0   8   0   0   0   0   0   0   0   0   0   0  10   0   0
15   0   0  12   0   0   0   0   0   0   0   0   0   0   1   8   0
16   0   0   9   0   0   0   0   1   0   0   0   0   0   0   1   1


 1   4   0   1   0   0   0  16   0   0   0   0   0   0   0   0   1
 2   1   2   0   1   0   0  23   0   0   0   0   1   0   0   1   0
 3   0   1   1   0   0   0  19   0   0   0   0   0   0   0   0   0
 4   0   0   1   0   0   0  13   0   0   0   0   0   0   1   0   0
 5   0   0   0   1   2   0   6   0   0   1   0   0   0   0   0   0
 6   0   0   0   0   0   0  23   0   0   0   0   0   0   0   0   0
 7   0   0   0   0   0   0  20   1   0   0   0   0   0   0   0   0
 8   0   0   0   0   0   0  16   0   1   0   0   0   0   2   0   0
 9   0   1   0   0   0   0  16   0   6   3   1   0   0   0   0   0
10   0   0   0   0   0   0  10   0   0   1   0   0   0   0   0   0
11   0   0   0   0   0   0  12   0   0   0   8   1   0   0   0   0
12   0   0   0   0   0   0  12   0   0   0   0   3   0   0   0   0
13   1   0   0   0   0   0   8   0   0   0   0   0   5   1   0   0
14   0   0   0   0   0   0  11   0   0   0   0   0   0  10   0   0
15   1   0   0   0   0   0  18   0   0   0   1   0   0   1   8   0
16   1   0   0   0   0   0  16   0   0   0   0   0   1   0   2   1


 1   2   0   0   0   0   1   0   0   0   0   8   0   0   0   1   1
 2   1   5   0   0   0   0   0   0   0   0  17   0   0   1   0   0
 3   0   1   3   0   0   0   0   0   0   0  15   0   0   0   1   1
 4   0   0   3   3   0   0   0   0   0   0  22   0   0   0   0   0
 5   0   0   0   0   2   0   0   0   0   0  12   0   0   0   1   0
 6   0   0   0   0   0   1   0   0   0   0  13   0   0   1   0   0
 7   0   0   0   0   0   1   0   4   0   0  20   0   0   0   0   0
 8   0   0   0   0   0   0   0   0   0   0  19   0   0   0   0   0
 9   0   0   0   0   0   0   0   1   3   0  18   0   0   0   0   0
10   0   0   0   0   0   0   0   0   0   2  16   0   0   0   0   0
11   0   0   0   0   0   0   0   0   0   0  23   0   0   0   1   0
12   0   0   0   0   0   0   0   0   0   0  23   2   0   0   0   0
13   0   0   0   0   0   0   0   0   0   0   9   0   8   0   0   0
14   0   0   0   0   0   0   0   0   0   0   9   0   0  10   2   0
15   0   0   0   1   0   0   0   0   0   0  11   0   0   0   2   0
16   0   0   0   0   0   0   0   0   0   0  14   0   0   0   1   4


 1   1   1   0   0   0   0   0   0   0   0   0   0   1   0  26   0
 2   0   5   0   0   0   0   0   0   0   0   0   0   0   0  10   0
 3   0   0   0   0   0   0   0   0   0   0   0   1   0   0  12   0
 4   0   0   2   2   0   0   0   0   0   1   0   0   0   0  16   0
 5   0   0   1   1   1   1   1   0   0   0   0   0   0   0  13   0
 6   0   0   0   0   0   1   0   1   0   0   0   0   0   0  18   0
 7   0   0   0   0   0   0   2   2   0   0   0   0   0   0  17   0
 8   0   0   1   0   0   0   1   1   5   0   0   1   0   0  18   0
 9   0   0   1   0   0   0   0   1   1   1   2   0   0   0  17   0
10   0   1   0   0   0   0   0   0   1   2   1   1   0   0  15   0
11   0   0   0   0   0   0   0   0   0   0   4   1   0   0  14   0
12   0   0   0   0   0   0   0   1   0   0   0   7   0   0   6   0
13   0   0   0   0   0   0   0   0   0   1   0   0   5   1  13   0
14   0   0   0   0   0   0   0   0   0   0   0   0   0  11  13   0
15   0   0   0   0   0   0   0   0   0   0   0   0   0   0  16   1
16   0   0   0   0   0   0   0   0   0   0   0   0   0   0  15   3



 1  72   4   0   0   0   0   0   0   0   0   0   0   0   0   0  11
 2  31  41   8   0   0   0   0   0   0   0   0   0   0   0   0   0
 3   5   7  59   8   0   0   0   0   0   0   0   0   0   0   0   0
 4   3   0   4  39  18   1   0   0   0   0   0   0   0   0   0   0
 5   1   0   0  10  57  25   0   0   0   0   0   0   0   0   0   0
 6   6   0   0   0   7  57   9   1   0   0   0   0   0   0   0   0
 7   4   0   0   0   1   6  65   5   0   0   0   0   0   0   0   0
 8   2   0   0   0   0   0   1  39  18   4   0   0   0   0   0   0
 9   4   0   0   0   0   0   0  13  50  11   0   0   0   0   0   0
10   3   0   0   0   0   0   0   0  10  59  11   0   0   0   0   0
11   5   0   0   0   0   0   0   0   0   3  64  15   0   0   0   0
12   0   0   0   0   0   0   0   0   0   0   5  54  15   2   0   0
13   6   0   0   0   0   0   0   0   0   0   0   7  47  12   2   0
14   1   0   0   0   0   0   0   0   0   0   0   0  11  53  11   0
15   4   0   0   0   0   0   0   0   0   0   0   0   0  10  76   8
16  32   0   0   0   0   0   0   0   0   0   0   0   0   0   3  44



 1  75   0   0   1   0   0   0   0   1   0   0   0   0   0   0   3
 2  59  13   5   2   0   0   0   0   0   0   0   0   0   2   0   0
 3  56   3  17   4   2   0   1   0   0   1   0   0   0   0   0   0
 4  40   0   2  24  11   3   1   0   0   0   0   0   0   0   0   0
 5  34   0   0   5  26   7   0   0   1   0   0   0   1   0   0   0
 6  41   0   0   0  11  19   5   2   0   0   1   0   1   0   0   0
 7  42   0   0   0   2   9  33   8   0   1   0   0   1   0   0   0
 8  40   0   0   0   1   0   0  17  12   1   0   0   0   0   1   0
 9  47   0   0   0   0   0   0   6  21   6   1   0   1   0   0   0
10  50   0   0   0   0   0   0   0   8  28   4   0   0   0   0   0
11  27   1   0   0   0   0   0   1   0   6  26   7   0   0   0   0
12  39   0   0   0   0   0   0   0   0   0   3  24  11   2   0   0
13  44   0   1   0   0   0   0   0   0   0   0   1  20   3   2   0
14  40   0   0   0   0   0   0   0   0   0   0   1   6  17   1   2
15  51   0   0   0   0   1   0   1   0   0   0   0   0   4  24   5
16  70   0   0   1   0   0   0   0   1   1   0   0   0   0   2  14



 1  80   2   0   0   1   0   0   0   0   0   0   0   0   0   0   0
 2  70   5   1   0   0   0   0   2   0   0   0   0   1   0   0   0
 3  69   0  16   4   2   0   0   0   0   0   0   1   0   0   1   0
 4  47   0   0  17   2   1   0   0   0   0   0   0   0   0   0   0
 5  49   0   0   0  10   5   0   0   0   1   0   0   0   1   0   0
 6  60   0   0   1   3  10   0   0   0   0   0   1   0   0   0   0
 7  49   0   0   0   2   2  10   3   1   1   1   1   0   0   0   0
 8  52   0   0   1   0   1   1  18   2   3   0   0   0   0   1   0
 9  63   0   0   0   2   1   0   3  17   3   1   0   1   0   0   0
10  68   0   0   0   1   0   1   0  10   9   6   0   0   1   0   0
11  55   0   0   0   2   0   0   0   1   3  12   3   3   0   0   0
12  59   0   0   2   0   1   0   0   1   0   2  15   1   2   0   0
13  65   0   0   0   0   0   0   0   0   0   0   3  13   5   0   0
14  47   0   0   0   0   1   0   1   0   1   0   0   2   8   0   0
15  57   0   0   1   0   0   0   1   0   0   0   2   0   3  14   1
16  76   0   0   0   0   0   0   0   0   0   0   0   0   0   1  17
