


 1  18   3   0   0   0   0   0   0   0   0   0   0   0   0   0   1
 2   0   7  11   0   0   0   0   0   0   0   0   0   0   0   1   0
 3   0   0  21   0   0   0   0   0   0   0   0   0   0   0   0   0
 4   0   0   1  10   1   0   0   0   0   0   0   0   0   0   0   0
 5   0   0   0   2  12   4   1   0   0   0   0   0   0   0   0   0
 6   0   0   0   0   0  12   4   0   0   0   0   0   0   0   0   0
 7   0   0   0   0   0   1  19   1   0   0   0   0   0   0   0   0
 8   0   0   0   0   0   0   7  11   1   0   0   0   0   0   0   0
 9   0   0   0   0   0   0   1   5   7   6   0   0   0   0   0   0
10   0   0   1   0   0   0   0   0   1   7  11   0   0   0   0   0
11   0   0   0   0   0   0   0   0   0   2  11   2   0   0   0   0
12   0   0   0   0   0   0   0   0   0   3   1  18   0   0   0   0
13   0   0   0   0   0   0   0   0   0   0   0   0  21   0   0   0
14   0   0   0   0   0   0   0   0   0   0   0   0   2  22   1   0
15   0   0   0   0   0   0   0   0   0   0   0   0   0   1  19   0
16   5   1   0   0   0   0   0   0   0   0   0   0   0   0   1  22


 1  16   3   1   0   0   0   1   0   0   0   0   0   0   0   0   0
 2   2  10   4   0   0   0   0   0   0   0   0   0   0   0   0   0
 3   0   0  14   1   0   0   0   0   0   0   0   0   0   0   0   0
 4   0   0   1  20   4   0   0   0   0   0   0   0   0   0   0   0
 5   0   0   0   1  12   1   2   0   0   0   0   0   0   0   0   0
 6   0   0   0   0   0  11   8   0   0   0   0   0   0   0   0   0
 7   0   0   0   0   0   2  21   1   0   0   0   0   0   0   0   0
 8   0   0   0   0   0   0  12   5   1   0   0   0   0   1   0   0
 9   0   0   0   0   0   0   0   2  17   8   1   0   0   0   0   0
10   0   0   0   0   0   0   0   0   2  11  11   0   0   0   0   0
11   0   0   0   0   0   0   0   0   0   1  15   1   0   0   0   0
12   0   0   0   0   0   0   0   0   0   0   0  13   0   0   0   0
13   0   0   0   0   0   0   0   0   0   0   0   0  20   1   0   0
14   0   0   0   0   0   0   0   0   0   0   0   0   0  24   0   0
15   0   0   0   0   0   0   0   0   0   0   0   0   0   0  23   0
16   2   0   0   0   0   0   0   0   0   0   0   0   0   0   2  11


 1  20   2   0   0   0   0   0   0   0   0   1   0   0   0   0   3
 2   0  16   5   0   0   0   0   0   0   0   0   0   0   0   0   1
 3   0   0  12   5   0   0   0   0   0   0   0   0   0   0   0   0
 4   0   0   0  21   2   0   0   0   0   0   0   0   0   0   0   0
 5   0   0   0   1  15   3   0   0   0   0   0   0   0   0   0   0
 6   0   0   0   0   0  12   7   0   0   0   0   0   0   0   0   0
 7   0   0   0   0   0   0  14   3   0   0   1   0   0   0   0   0
 8   0   0   0   0   0   0  12   8   0   0   1   0   0   0   0   0
 9   0   0   0   0   0   0   0   5  11   3   2   0   0   0   0   0
10   0   0   0   0   1   0   0   0   0   7  14   0   0   0   0   0
11   0   1   0   0   0   0   0   0   0   0  15   0   0   0   0   0
12   0   0   0   0   0   0   0   0   0   0   3  15   1   0   0   0
13   0   0   0   0   0   0   0   0   0   0   0   0  13   0   0   0
14   0   0   0   0   0   0   0   0   0   0   0   0   1  20   0   0
15   0   0   0   0   0   0   0   0   0   0   0   0   0   1  19   0
16   4   0   0   0   0   0   0   0   0   0   0   0   0   0   4  15


 1  13   2   0   0   0   0   0   0   0   0   0   0   0   0   0   2
 2   1  14  10   0   0   0   0   0   0   0   0   0   0   0   0   0
 3   0   0  14   3   0   0   0   0   0   0   0   0   0   0   0   0
 4   0   0   0  14   1   0   0   0   0   0   0   0   0   0   0   0
 5   0   0   0   2  17   3   0   0   0   0   0   0   0   0   0   0
 6   0   0   0   0   0  11   9   0   0   0   0   0   0   0   1   0
 7   0   0   0   0   0   0  11   3   0   0   0   0   0   0   0   0
 8   0   0   0   1   0   0   7  11   2   0   0   0   0   0   0   0
 9   0   0   0   0   0   0   3   4  13   6   0   0   0   0   0   0
10   0   1   0   0   0   0   0   0   2  14  10   0   0   0   0   0
11   0   0   0   0   0   0   0   0   0   0  13   1   0   0   0   0
12   0   0   0   0   0   0   0   0   0   0   6  12   1   0   0   0
13   0   0   0   0   0   0   0   0   0   0   0   1  26   1   0   0
14   0   0   0   0   0   0   0   0   0   0   0   0   1  21   1   0
15   0   0   0   0   0   0   0   0   0   0   0   0   0   0  17   0
16   2   0   0   0   0   0   0   0   0   0   0   0   0   0   3   9



 1  13   0   5   0   0   0   0   0   0   0   1   1   0   1   2   3
 2   0   8  12   0   0   0   0   0   0   1   1   0   0   1   0   0
 3   0   3  17   2   0   0   0   0   0   0   0   0   0   1   0   0
 4   0   0   4   8   2   0   0   1   0   0   1   0   2   0   1   0
 5   0   0   2   3  10   0   0   0   0   0   1   0   0   1   2   0
 6   0   0   4   0   0   6   7   1   0   0   0   0   0   0   0   0
 7   0   0   1   0   0   4  12   0   0   0   0   0   1   0   0   0
 8   0   0   0   0   0   0   6   3   0   0   1   0   0   1   0   0
 9   0   0   4   1   0   0   4   2  10   2   0   0   1   0   1   0
10   0   0   3   0   0   0   0   0   0   3   7   2   0   0   0   0
11   0   0   4   2   0   0   0   0   0   2  17   2   0   0   0   0
12   0   0   3   0   0   0   0   0   0   2   6   7   3   1   1   0
13   0   0   3   0   0   0   0   0   0   0   0   0  11   2   0   0
14   0   0   0   0   0   0   0   0   0   0   0   0   1  19   3   0
15   0   0   1   0   0   0   2   0   0   0   2   0   0   0  13   0
16   2   0   1   0   0   0   0   0   0   0   0   0   0   0   8   5


 1   8   7   0   0   0   0   2   0   0   0   1   0   0   0   2   1
 2   2   7   6   0   0   0   5   0   0   0   0   0   3   0   1   1
 3   0   3   6   6   0   0   4   0   0   0   1   1   1   0   0   0
 4   0   0   0  11   4   0   4   0   0   0   0   1   0   1   0   0
 5   0   0   1   2  14   0  10   0   0   0   0   0   0   0   0   0
 6   0   0   0   1   0   4  14   0   0   0   0   0   0   0   1   0
 7   0   0   1   0   0   0  13   0   0   0   4   0   0   0   0   0
 8   0   0   0   0   0   0  13   3   0   0   4   0   0   0   0   0
 9   0   0   0   1   0   0  10   0   9   4   1   0   0   0   0   0
10   0   0   0   0   2   0   2   0   2   3   6   0   0   0   0   0
11   0   0   1   0   0   0   1   0   0   0  13   0   0   0   0   0
12   0   0   0   0   0   1   2   0   0   0  10  13   2   2   0   0
13   0   0   0   0   0   0   1   0   0   0   0   0  13   2   0   0
14   0   0   0   0   0   0   0   0   0   0   0   0   0  12   3   1
15   0   0   0   0   0   0   0   0   0   0   1   0   0   1  15   1
16   0   1   0   0   0   0   1   0   0   0   0   0   0   0   3   6


 1  13   5   1   0   1   0   0   0   0   0   2   0   1   0   0   4
 2   0  11   2   2   1   0   0   0   0   0   1   0   0   0   1   2
 3   0   1   7   2   0   0   0   0   0   0   0   0   0   0   0   1
 4   0   0   1  14   2   0   0   0   0   0   4   0   1   0   0   0
 5   0   0   0   0  10   3   4   0   0   0   3   0   0   0   1   0
 6   0   0   0   0   0   4   7   0   1   0   1   0   1   0   0   0
 7   0   0   0   0   1   2   9   1   2   1   6   1   0   0   0   0
 8   0   0   0   0   1   1   7   7   1   1   2   0   2   0   0   0
 9   0   1   0   0   0   1   3   2   4   0   3   0   0   0   0   0
10   0   0   0   0   0   0   0   0   0   1  15   0   0   0   0   0
11   1   0   0   0   0   0   0   1   0   2  20   0   0   0   0   0
12   0   0   0   0   0   0   0   0   0   0   5   7   2   0   0   0
13   0   0   1   0   0   0   0   1   0   0   2   0  19   5   0   0
14   0   0   0   0   0   0   0   0   0   0   3   0   6  14   1   0
15   0   0   0   0   0   0   0   0   0   0   0   0   0   3  18   0
16   6   0   1   0   0   0   0   0   0   0   1   0   0   0   3   8


 1   8   2   1   0   0   0   0   0   0   0   1   0   0   0   5   4
 2   0   6   7   0   1   1   0   1   0   0   0   1   1   0   5   0
 3   0   1  11   2   0   0   0   0   0   0   2   0   1   0   2   0
 4   0   0   0  11   1   0   0   0   1   1   2   0   0   0   2   0
 5   0   0   0   4  16   2   0   1   0   0   0   0   1   0   2   0
 6   1   0   0   1   1  15   6   0   0   0   0   0   0   1   1   0
 7   0   0   0   0   0   2  16   3   0   0   1   1   1   0   0   0
 8   0   0   1   0   0   1   5   6   0   0   1   0   0   0   1   0
 9   0   1   0   1   1   0   3   4   7   2   4   0   1   0   1   1
10   0   0   0   0   0   1   0   0   0   5  10   1   0   0   1   0
11   0   0   0   0   0   0   0   0   0   0  16   1   0   0   5   0
12   0   0   0   1   0   0   0   1   0   0   7  10   1   1   2   0
13   0   0   0   0   0   0   0   1   0   0   1   1   8   2   0   0
14   0   0   0   0   0   0   0   0   0   0   0   0   0   9   3   0
15   0   0   0   0   0   0   0   0   0   0   1   0   0   0  13   0
16   5   0   0   0   0   0   0   0   0   0   0   0   0   0   7   8



 1   2   2  11   0   0   1   1   0   0   0   1   0   1   1   2   1
 2   1   6  10   1   0   0   0   0   0   0   1   0   0   0   3   0
 3   0   0  12   0   0   0   4   0   0   0   2   1   1   0   0   1
 4   0   0  11   5   1   1   2   0   0   0   4   0   0   0   0   0
 5   0   0   6   1   4   3   0   1   0   0   0   0   2   1   0   0
 6   0   0   4   1   0   7   3   1   0   0   0   0   0   1   2   0
 7   0   1   9   0   0   0   1   1   0   0   0   0   1   0   0   0
 8   0   0   6   0   0   1   5   2   2   0   3   1   0   2   1   0
 9   1   0   9   0   0   1   2   0   0   1   0   1   1   1   1   0
10   0   1   6   0   0   0   2   0   0   3   6   0   0   1   0   1
11   0   0   7   1   0   0   0   0   0   1   9   0   0   1   0   0
12   1   0   3   0   0   1   0   0   0   0   6   4   1   1   0   0
13   0   0   4   0   0   0   1   1   0   1   3   0   8   0   0   0
14   0   0   3   1   1   0   0   1   0   0   1   3   4   6   1   0
15   0   0   5   0   0   0   0   0   0   0   2   1   0   3  13   1
16   2   1   6   0   0   0   1   0   0   0   0   1   1   3   0   4


 1   5   2   1   0   0   0   5   0   0   0   2   1   0   0   0   2
 2   2   3   2   1   0   0   6   0   0   0   0   1   1   2   1   1
 3   0   0   5   4   2   0   4   0   0   0   0   1   2   1   1   0
 4   0   1   1   6   0   0   5   0   0   0   0   1   4   0   1   0
 5   1   1   0   5   6   1   7   0   0   0   0   0   1   1   0   0
 6   0   0   0   1   0   3  12   0   0   0   1   0   3   0   1   0
 7   0   0   0   0   1   0  10   1   1   1   1   0   0   2   1   0
 8   0   0   0   3   1   0  13   4   0   0   3   1   1   0   0   1
 9   0   0   1   0   0   0  12   0   2   2   1   0   0   1   1   0
10   0   0   0   3   0   0   4   1   1   1   9   0   1   0   0   0
11   0   0   0   0   1   0  12   0   0   1   9   2   0   0   1   0
12   0   0   0   3   1   0   5   0   0   0   6   5   1   0   0   0
13   0   0   1   1   0   0   5   0   0   0   0   2   5   2   1   0
14   0   0   0   0   0   0   3   0   0   0   0   0   2   7   2   0
15   0   0   1   0   0   0   4   0   0   0   0   0   1   0  11   1
16   4   0   1   0   0   0   1   0   0   0   2   0   0   0   5   5


 1   4   5   0   0   1   0   0   0   0   0  10   0   2   0   0   1
 2   1   1   4   2   0   0   2   0   0   0   3   0   2   0   3   3
 3   0   2   4   3   0   0   0   0   0   0   7   0   0   1   1   0
 4   1   0   1   8   1   0   0   0   0   0   7   0   1   0   0   0
 5   0   0   1   2   4   3   1   1   0   0   6   0   0   1   0   0
 6   0   0   0   1   0   2   6   0   0   0   5   0   2   3   1   0
 7   0   0   0   0   2   1   9   2   0   0   6   0   1   0   1   0
 8   0   0   0   2   0   1   4   7   0   0   6   0   1   0   2   0
 9   0   1   0   0   0   1   4   0   0   0   6   0   1   1   1   1
10   0   0   0   2   0   0   0   0   0   0  12   0   1   0   0   0
11   1   0   0   0   0   0   0   0   0   0  11   0   0   0   0   1
12   0   0   0   0   0   1   1   0   0   0  11   5   2   1   1   0
13   0   0   0   0   0   0   0   0   0   0   7   0   9   0   0   0
14   2   1   0   0   0   1   4   0   0   0   7   0   1  10   4   0
15   0   1   0   3   0   0   2   0   0   0   3   0   0   1  10   2
16   1   2   1   0   0   1   0   0   0   0   4   1   1   2   3   5


 1   7   0   0   1   0   0   0   0   0   0   0   0   0   1  10   0
 2   1   3   1   3   1   0   3   0   0   0   5   0   0   0   3   0
 3   0   2   6   0   0   1   2   0   0   0   1   0   1   2   9   0
 4   0   0   1   8   0   1   0   0   1   0   1   0   2   0   5   0
 5   0   0   0   0   6   0   1   4   0   1   0   2   0   1   7   0
 6   1   0   1   0   0   3   4   0   0   0   2   0   0   0   5   0
 7   0   0   0   0   2   0   5   1   1   0   1   0   0   0   9   0
 8   1   0   0   1   2   2   4   2   1   0   1   0   0   0   8   0
 9   0   0   1   2   0   0   1   4   2   1   1   3   0   0   6   0
10   1   0   0   0   0   1   0   0   0   3   7   0   0   1   7   0
11   0   0   0   2   0   0   2   0   0   1  10   0   0   0  10   0
12   0   0   0   0   2   1   0   0   0   0   3   5   1   1   9   0
13   1   0   0   0   0   0   2   0   0   0   1   0   5   0   7   0
14   0   0   0   1   1   0   0   1   0   0   2   0   2   4   6   0
15   0   0   0   1   0   0   0   0   0   0   0   1   0   0   9   1
16   3   0   0   1   1   0   1   1   0   0   0   0   0   0  12   7



 1  74   1   0   0   0   0   0   1   0   0   0   0   0   0   0   2
 2  19  39   5   0   0   0   0   1   0   0   0   0   0   0   0   0
 3   0   6  55  14   2   0   0   0   0   0   0   0   0   0   0   0
 4   0   0   4  57  25   0   0   0   0   0   0   0   0   0   0   0
 5   0   0   0   3  67   5   0   0   0   0   0   0   0   0   0   0
 6   0   0   0   0  11  53   6   0   0   0   0   0   0   0   0   0
 7   1   0   0   0   1  10  64  12   0   0   0   0   0   0   0   0
 8   2   0   0   0   0   1   1  58  25   0   0   0   0   0   0   0
 9   0   0   0   0   0   0   0   2  57  10   0   0   0   0   0   0
10   0   0   0   0   0   1   0   3  10  61   6   0   0   0   0   0
11   1   0   0   0   0   0   0   0   3   5  65  12   1   0   0   0
12   0   0   0   1   0   0   0   0   0   0   6  58  22   0   0   0
13   1   0   0   0   0   0   0   0   0   0   0   1  60   5   0   0
14   1   0   0   0   0   0   0   0   0   0   0   0  20  62  10   1
15   4   0   0   0   0   0   0   0   0   0   0   0   0   8  67   8
16  34   0   0   0   0   0   0   0   0   0   1   0   1   0   1  46



 1  63   2   0   0   4   0   1   0   0   0   0   1   2   1   0   5
 2  29  26   9   0   4   1   0   0   1   0   2   0   1   0   0   0
 3  19   7  46  11   2   0   0   0   2   0   0   1   3   2   0   0
 4  14   0   8  29  21   1   1   1   0   1   0   0   0   1   3   0
 5   4   0   0   8  54   2   0   0   0   0   1   0   3   0   1   0
 6   5   0   0   0  19  35   9   2   2   0   1   2   2   0   0   1
 7   9   1   1   0   4  10  52  11   1   1   2   0   1   0   1   0
 8   5   0   1   0   1   3   1  41  18   5   1   0   0   0   0   1
 9   4   2   0   0   1   1   0   6  55   8   0   0   1   1   1   0
10   9   0   1   0   1   0   0   3  15  33   5   2   2   0   0   0
11   9   1   0   1   2   1   1   0   5   5  36  14   8   0   1   0
12   7   0   1   0   0   0   3   1   1   1   3  35  26   1   1   0
13  16   1   0   0   3   1   1   0   2   0   1   5  44   8   2   1
14   9   0   2   0   0   2   0   1   0   1   1   1  22  33   8   2
15  18   0   0   0   0   0   0   1   1   2   0   2   7   8  39   2
16  44   0   0   0   0   0   0   1   2   0   0   1   0   1   0  22



 1  42   2   1   1   5   2   1   2   3   1   1   0   0   2   1   0
 2  47  21   6   2   6   2   2   0   5   2   0   1   1   3   1   0
 3  35   1  22   5   1   2   0   1   1   0   2   1   1   0   0   1
 4  18   2   3  21  17   4   4   1   3   0   0   2  11   3   0   0
 5  33   0   0   4  26   5   0   2   3   3   1   0   3   0   2   3
 6  20   1   1   3  15  20   4   3   4   1   1   3   2   3   3   0
 7  31   0   2   1   2   3  15   8   2   5   2   2   2   3   1   1
 8  17   0   3   0   6   3   3  14  16   2   0   1   4   1   0   1
 9  27   1   0   1   1   0   3   3  29   5   1   1   2   0   0   0
10  19   0   2   1   2   1   3   2  16  19   7   1   2   0   1   0
11  21   0   0   1   4   4   0   1   5   8  19   6   3   4   0   0
12  21   1   4   3   1   2   1   3   2   5   6  14  16   1   0   1
13  25   0   1   0   1   3   2   1   5   1   2   5  37   7   2   0
14  26   0   1   0   3   1   6   1   1   3   1   5   8  22   3   2
15  31   0   2   2   2   1   1   2   3   0   2   3   7   6  13   3
16  40   1   1   0   1   1   4   0   2   3   0   0   5   1   3  13
