


 1  17   0   0   0   0   0   0   0   0   0   0   0   0   0   0   5
 2   3  11   3   0   0   0   0   0   0   0   0   0   0   0   0   0
 3   0   1  14   0   0   0   0   0   0   0   0   0   0   0   0   0
 4   0   0   4  16   3   0   0   0   0   0   0   0   0   0   0   0
 5   0   0   0   1  18   0   0   0   0   0   0   0   0   0   0   0
 6   0   0   0   0   1  14   7   0   0   0   0   0   0   0   0   0
 7   0   0   0   0   0   1  16   5   0   0   0   0   0   0   0   0
 8   0   0   0   0   0   0   2  11   2   0   0   0   0   0   0   0
 9   0   0   0   0   0   0   0   3  17   6   0   0   0   0   0   0
10   0   0   0   0   0   0   0   0   0  15   2   0   0   0   0   0
11   0   0   0   0   0   0   0   0   1   8  12   0   0   0   0   0
12   0   0   0   0   0   0   0   0   0   0   1  20   2   0   0   0
13   0   0   0   0   0   0   0   0   0   0   0   0  18   1   0   0
14   0   0   0   0   0   0   0   0   0   0   0   0   0  11   3   0
15   0   0   0   0   0   0   0   0   0   0   0   0   0   0  14  12
16   2   0   0   0   0   0   0   0   0   0   0   0   0   0   0  17


 1   7   0   0   0   0   0   0   0   0   0   0   0   0   0   0   2
 2   3  12   1   0   0   0   0   0   0   0   0   0   0   0   0   0
 3   1   6  19   0   0   0   0   0   0   0   0   0   0   0   0   0
 4   0   0   1  12   2   0   0   0   0   0   0   0   0   0   0   0
 5   0   0   0   0  18   0   0   0   0   0   0   0   0   0   0   0
 6   0   0   0   0   0   8   8   0   0   0   0   0   0   0   0   0
 7   0   0   0   0   0   1  21   4   0   0   0   0   0   0   0   0
 8   0   0   0   0   0   0   7  15   4   0   0   0   0   0   0   0
 9   0   0   0   0   0   0   0   2  12   2   0   0   0   0   0   0
10   0   0   0   0   0   0   0   0   3  23   2   0   0   0   0   0
11   0   0   0   0   0   0   0   0   0  12   7   1   0   0   0   0
12   0   0   0   0   0   0   0   0   0   0   0  23   2   1   0   0
13   0   0   0   0   0   0   0   0   0   0   0   0  15   0   0   0
14   0   0   0   0   0   0   0   0   0   0   0   0   0  17   5   1
15   0   0   0   0   0   0   0   0   0   0   0   0   0   0  14   3
16   3   0   0   0   0   0   0   0   0   0   0   0   0   0   0  20


 1  15   0   0   0   0   0   0   0   0   0   0   0   0   0   0  10
 2   3  16   2   0   0   0   0   0   0   0   0   0   0   0   0   0
 3   0   3  15   0   0   0   0   0   0   0   0   0   0   0   0   0
 4   0   0   2  10   3   0   0   0   0   0   0   0   0   0   0   0
 5   0   0   0   0  18   1   0   0   0   0   0   0   0   0   0   0
 6   0   0   0   0   0  14   8   0   0   0   0   0   0   0   0   0
 7   0   0   0   0   0   2  16   3   0   0   0   0   0   0   0   0
 8   0   0   0   0   0   0   1  20   2   0   0   0   0   0   0   0
 9   0   0   0   0   0   0   0   3  12   5   0   0   0   0   0   0
10   0   0   0   0   0   0   0   0   2  11   6   0   0   0   0   0
11   0   0   0   0   0   0   0   0   0   3  18   0   0   0   0   0
12   0   0   0   0   0   0   0   0   0   0   2  16   2   0   0   0
13   0   0   0   0   0   0   0   0   0   0   0   0  14   0   0   0
14   0   0   0   0   0   0   0   0   0   0   0   0   1  16   8   0
15   0   0   0   0   0   0   0   0   0   0   0   0   0   0   7   6
16   2   0   0   0   0   0   0   0   0   0   0   0   0   0   1  21


 1   9   2   0   0   0   0   0   0   0   0   0   0   0   0   0   7
 2   3  18   2   0   0   0   0   0   0   0   0   0   0   0   0   0
 3   0   0  16   0   0   0   0   0   0   0   0   0   0   0   0   0
 4   0   0   1  13   1   0   0   0   0   0   0   0   0   0   0   0
 5   0   0   0   1  20   0   0   0   0   0   0   0   0   0   0   0
 6   0   0   0   0   0  19   5   0   0   0   0   0   0   0   0   0
 7   0   0   0   0   0   0  16   7   0   0   0   0   0   0   0   0
 8   0   0   0   0   0   0   1   9   3   0   0   0   0   0   0   0
 9   0   0   0   0   0   0   0   5  22   2   0   0   0   0   0   0
10   0   0   0   0   0   0   0   0   4  15   4   0   0   0   0   0
11   0   0   0   0   0   0   0   0   0   7   7   1   0   0   0   0
12   0   0   0   0   0   0   0   0   0   0   2  19   0   0   0   0
13   0   0   0   0   0   0   0   0   0   0   0   0  17   1   0   0
14   0   0   0   0   0   0   0   0   0   0   0   0   0   6  11   1
15   0   0   0   0   0   0   0   0   0   0   0   0   0   0  20   3
16   1   0   0   0   0   0   0   0   0   0   0   0   0   0   2  17



 1  10   2   3   0   0   0   0   0   0   0   0   0   0   0   0   6
 2   2  12   4   0   0   0   0   0   0   0   0   0   0   0   0   0
 3   0   2  14   1   0   0   0   0   0   0   0   0   0   0   0   0
 4   0   0   8  10   3   0   0   0   0   0   0   0   0   0   0   0
 5   0   0   0   5  18   1   0   1   0   0   0   0   0   0   0   0
 6   0   0   0   0   2   1  10   1   0   0   0   0   0   0   0   0
 7   0   0   0   0   0   2  12  12   1   0   1   0   0   0   0   0
 8   0   0   0   0   0   0   3   9   6   2   0   0   0   0   0   0
 9   0   0   0   0   0   0   1   6  10   4   0   0   0   0   0   0
10   0   0   0   0   0   0   0   0   3   8   6   0   0   0   0   0
11   0   0   0   0   0   0   0   0   0  15  10   4   0   0   0   0
12   0   0   0   0   0   0   0   0   0   1   2  11   2   0   0   0
13   0   0   0   0   0   0   0   0   0   0   0   0  16   0   0   0
14   0   0   0   0   0   0   0   0   0   0   0   0   1  10   3   0
15   0   0   0   0   0   0   0   0   0   0   0   0   0   2  13   7
16   3   0   0   0   0   0   0   0   0   0   0   0   0   0   2  16


 1   9   4   0   0   0   0   0   0   0   0   0   0   0   0   0   5
 2   3  10   3   0   0   0   0   0   0   0   0   0   0   0   0   0
 3   0   7  16   2   0   0   0   0   0   0   0   0   0   0   0   0
 4   0   1   1  17   7   0   0   0   0   0   0   0   0   0   0   0
 5   0   0   0   0  22   1   1   0   0   0   0   0   0   0   0   0
 6   0   0   0   0   3   7   6   0   0   0   0   0   0   0   0   0
 7   0   0   0   0   0   0  12   5   0   0   0   0   0   0   0   0
 8   0   0   0   0   0   0  10   3   4   1   0   0   0   0   0   0
 9   0   0   0   0   0   0   5   4   8   2   0   0   0   0   0   0
10   0   0   0   0   0   0   2   1   3  13   2   1   0   0   0   0
11   0   0   0   0   0   0   1   0   0  12  10   3   0   0   0   0
12   0   0   0   0   0   0   2   0   0   0   4   8   3   0   0   0
13   0   0   0   0   0   0   0   0   0   1   0   0  17   0   0   0
14   0   0   0   0   0   0   0   0   0   0   0   0   0  18   6   0
15   0   0   0   0   0   0   0   0   0   0   0   0   0   1  10   5
16   3   0   0   0   0   0   0   0   0   0   0   0   0   0   0  15


 1   8   2   0   0   0   0   0   0   0   0   0   0   0   0   0   4
 2   5  12   2   0   0   0   0   0   0   0   0   0   0   0   0   0
 3   0   6  15   2   1   0   0   0   0   0   0   0   0   0   0   0
 4   0   1   4   6  11   0   0   0   0   0   0   0   0   0   0   0
 5   0   0   0   1  20   0   0   0   0   0   0   0   0   0   0   0
 6   0   0   0   0   3  15  11   4   0   0   0   0   0   0   0   0
 7   0   0   0   0   0   0   7   5   1   0   0   0   0   0   0   0
 8   0   0   0   0   0   0   1  11   2   0   1   0   0   0   0   0
 9   0   0   0   0   0   0   0   3   2   3   4   0   0   0   0   0
10   0   0   0   0   0   0   0   0   1   5  11   0   0   0   0   1
11   0   0   0   0   0   0   0   1   0   0  14   0   0   0   0   0
12   0   0   0   0   0   0   1   0   0   0   4  11   4   0   0   0
13   0   0   0   0   0   0   0   0   0   0   0   1  28   0   0   0
14   0   0   0   0   0   0   0   0   0   0   1   0   2  10   9   0
15   0   0   0   0   0   0   0   0   0   0   1   0   0   3  13  10
16   6   0   0   0   0   0   0   0   0   0   0   0   0   0   0  10


 1  11   2   0   0   0   0   0   0   0   0   0   0   0   0   0   3
 2   5  16   4   0   0   0   0   0   0   0   0   0   0   0   0   0
 3   0   7  18   2   1   0   0   0   0   0   0   0   0   0   1   0
 4   0   0   4  11   2   0   0   0   0   0   0   0   0   0   0   0
 5   0   1   0   1   8   1   1   0   0   0   0   0   0   0   0   0
 6   0   0   0   0   1   9  10   3   0   0   0   0   0   0   0   0
 7   0   0   0   0   0   0   7   7   1   0   0   0   0   0   0   0
 8   0   0   0   0   0   0   6  17  11   1   0   0   0   0   0   0
 9   0   0   0   0   0   0   0   5   7   3   1   1   0   0   0   0
10   0   0   0   0   0   0   0   1   3  16   1   0   0   0   0   0
11   0   0   0   0   0   0   0   0   0   8   8   1   0   0   0   0
12   0   0   0   0   0   0   0   0   0   2   2   8   3   0   0   0
13   0   0   0   0   0   0   0   0   0   0   0   2  22   2   4   0
14   0   0   0   0   0   0   0   0   0   0   0   0   0   4   8   0
15   0   0   0   0   0   0   0   0   0   0   0   0   0   0  17   3
16   2   0   0   0   0   0   0   0   0   0   0   0   0   0   7   7



 1   8   3   2   0   0   0   1   0   0   0   0   0   0   0   0   4
 2   3   3   3   0   1   0   0   1   0   0   1   0   0   0   0   0
 3   0   3  21   0   0   0   0   0   0   0   0   0   0   0   0   1
 4   0   0   9  10   4   0   0   0   0   0   0   0   0   0   0   0
 5   0   0   1   2  15   1   0   1   0   0   0   0   0   0   0   0
 6   0   0   0   0   1   6   9   2   0   0   0   0   0   0   0   0
 7   0   0   0   0   0   0  12   8   1   0   0   0   0   0   0   0
 8   0   0   0   0   0   0   1   8   5   0   0   0   1   0   0   0
 9   0   0   1   0   0   0   1   6   9   4   1   1   1   0   0   0
10   0   0   1   0   0   1   3   0   4  12   4   0   0   0   1   0
11   0   0   2   0   0   1   0   0   0   7   9   1   0   2   0   0
12   0   0   1   0   0   0   1   0   1   0   3   4   5   1   0   0
13   0   0   1   0   0   1   1   0   0   0   0   1  13   5   1   0
14   0   0   1   0   0   0   0   0   0   0   0   0   2   3   6   3
15   1   0   2   0   1   0   1   0   0   1   0   0   0   2   7   9
16   3   1   2   0   0   0   0   0   1   0   0   0   1   1   1   8


 1   5   3   0   1   0   0   1   0   0   0   0   0   0   2   0   7
 2   3   6   4   0   0   0   0   0   0   0   0   0   1   0   0   2
 3   0   5   5   2   3   0   1   0   0   0   0   0   0   1   0   0
 4   0   1   3  10   7   0   1   0   0   0   0   0   0   0   0   0
 5   0   0   0   1  12   0   3   0   0   0   0   0   0   0   0   0
 6   0   0   0   0   1   4  13   0   1   0   0   0   0   0   0   0
 7   0   0   0   0   0   0  20   3   1   1   0   0   0   0   0   0
 8   0   0   0   0   0   0  15   2   2   1   0   0   0   0   0   0
 9   0   0   0   0   0   0   4   1   6   7   0   2   0   0   1   0
10   0   0   0   0   0   0   2   0   2   8   7   2   0   0   0   0
11   1   0   0   0   0   0   1   0   1   5  10   2   0   0   0   0
12   0   0   0   0   0   0   1   0   0   1   3  12   2   0   0   0
13   0   0   0   0   0   0   3   0   0   0   0   1  17   2   1   0
14   0   1   0   0   0   0   0   0   0   0   0   0   1   7   6   0
15   0   1   0   0   1   0   1   0   1   0   2   0   0   2  10   9
16   4   1   0   0   0   0   1   0   0   0   0   0   0   1   2  10


 1   5   2   0   0   0   0   0   0   0   0   1   0   1   0   1  10
 2   3   4   4   0   0   0   0   2   0   0   0   0   0   0   0   1
 3   1   4  11   2   0   0   0   0   0   0   0   0   0   0   0   0
 4   0   1   3   9   4   0   0   0   0   0   0   0   0   0   0   0
 5   1   0   0   1  12   0   4   1   0   0   0   0   0   0   0   0
 6   0   0   1   1   3   8   4   3   0   0   0   0   0   0   0   0
 7   1   1   0   0   2   0   9   7   0   0   2   0   0   0   0   0
 8   0   0   0   0   0   0   2  13   2   0   2   0   1   0   0   0
 9   0   0   0   0   1   0   0   2   4   1   8   0   0   0   0   0
10   0   0   1   0   1   0   1   1   1   1  12   0   0   0   1   0
11   0   0   0   0   0   0   0   0   0   2  14   0   0   0   0   0
12   0   1   0   0   1   0   0   0   0   0  14   6   2   0   1   0
13   0   0   0   0   0   0   0   1   0   0   2   1  15   1   1   0
14   0   0   0   0   0   0   1   0   0   1   1   0   2  13   5   0
15   1   0   0   1   1   0   0   0   0   0   2   0   1   2  16   7
16   2   2   0   0   0   0   0   0   0   0   1   0   0   0   1  13


 1   6   2   0   0   0   0   0   0   0   0   0   0   1   0   3   6
 2   3  10   1   0   0   0   0   0   0   0   0   0   0   0   4   1
 3   3   9   9   1   0   0   0   1   0   0   0   0   0   0   0   0
 4   0   0   4   8   8   0   1   0   0   0   0   0   0   0   2   0
 5   0   0   0   2  14   0   2   0   0   0   0   0   0   0   0   0
 6   0   0   0   0   2   3   9   4   1   0   0   0   0   0   1   0
 7   0   0   0   0   0   0   7   8   2   0   1   0   0   0   2   0
 8   0   0   0   0   0   0   3  12   8   1   2   0   0   0   3   0
 9   0   0   0   0   0   0   0   2   8   5   2   1   0   0   0   0
10   0   1   0   0   0   0   0   0   2   5   8   1   0   0   1   0
11   0   1   1   0   0   0   0   1   0   9   8   3   0   0   3   0
12   0   0   0   0   0   0   0   0   1   1   6   5   3   0   0   0
13   0   0   0   0   0   0   1   0   0   0   1   0  15   1   5   1
14   0   0   0   0   0   0   0   0   0   0   0   0   4   0   8   0
15   0   0   0   0   0   0   0   0   0   0   0   0   0   0  14   0
16   2   0   0   0   0   0   0   0   0   0   0   0   1   0  14   5



 1  73   7   0   0   0   0   0   0   0   0   0   0   0   0   0   5
 2  15  64  10   0   0   0   0   0   0   0   0   0   0   0   0   0
 3   0  10  53   4   0   0   0   0   0   0   0   0   0   0   0   0
 4   0   0   8  71  19   0   0   0   0   0   0   0   0   0   0   0
 5   0   0   0  13  46  12   0   0   0   0   0   0   0   0   0   0
 6   0   0   0   0   4  68   7   1   0   0   0   0   0   0   0   0
 7   0   0   0   0   0  14  67   6   0   0   0   0   0   0   0   0
 8   0   0   0   0   0   0   3  67  14   1   0   0   0   0   0   0
 9   0   0   0   0   0   0   1  11  57  10   0   0   0   0   0   0
10   0   0   0   0   0   0   0   0   4  59  11   0   0   0   0   0
11   0   0   0   0   0   0   0   0   0   7  65   4   0   0   0   0
12   0   0   0   0   0   0   0   0   0   0   7  52  16   0   0   0
13   0   0   0   0   0   0   0   0   0   0   1  15  56  16   0   0
14   0   0   0   0   0   0   0   0   0   0   0   0   4  68   6   0
15   0   0   0   0   0   0   0   0   0   0   0   0   0   8  64   6
16  28   1   0   0   0   0   0   0   0   0   0   0   0   0   5  36



 1  57   9   0   0   0   0   0   0   0   0   0   0   0   1   0   2
 2  29  31  13   1   0   0   0   0   0   0   0   0   1   0   0   0
 3   5  13  65   5   0   1   0   0   0   0   0   0   0   0   0   0
 4   3   1  12  40  25   2   0   0   0   0   0   0   0   0   0   0
 5   3   0   0  24  53  27   2   0   1   0   0   0   0   0   0   0
 6   2   0   0   0  11  38  17   2   0   0   0   0   0   0   0   0
 7   0   0   0   2   1  11  43   7   1   0   0   0   0   0   0   0
 8   0   0   0   0   0   0   9  47  24   3   0   0   0   0   0   0
 9   0   0   0   0   0   0   0  22  42  18   2   0   0   0   0   0
10   0   0   0   0   0   0   0   2  12  49  27   1   0   0   0   0
11   0   0   0   0   0   0   0   0   0  11  52   7   1   1   0   0
12   0   0   0   0   0   0   0   0   0   1  10  51  18   4   0   0
13   0   0   0   0   0   0   0   0   0   0   0  17  44  15   1   0
14   1   0   0   0   0   0   0   0   0   0   0   3   6  52  15   0
15  12   0   0   0   0   0   0   0   0   0   0   0   0  11  56   8
16  29   0   0   0   0   1   0   0   0   0   0   0   0   0   6  28



 1  69   3   1   1   0   0   0   0   0   0   0   0   0   1   0   5
 2  52  23  10   1   1   0   0   1   0   0   1   0   0   0   1   0
 3  10  10  42  11   1   3   0   0   1   0   0   0   0   1   1   0
 4   7   1   8  37  22   4   0   0   0   0   0   0   1   0   0   1
 5   3   0   5  16  47  18   2   0   0   2   2   0   0   0   0   0
 6   4   0   0   1   9  41  17   2   1   0   1   0   0   0   0   0
 7   5   0   1   0   2  19  45   8   4   1   1   0   0   0   0   0
 8   2   0   0   1   3   1  10  26  23   4   1   1   1   2   0   0
 9   5   0   1   1   2   0   1  13  37  20   2   3   1   0   1   0
10   5   0   0   0   1   0   1   2  11  35  21   3   2   0   0   0
11   2   0   0   1   1   0   1   2   0  11  38  13   7   3   0   0
12   2   0   0   1   0   0   1   0   1   3  10  22  22   7   0   0
13   8   0   1   1   2   0   1   3   0   1   2  16  29  21   4   0
14   5   0   1   0   0   0   1   0   0   0   2   3  12  36  15   1
15  18   1   0   0   1   0   0   0   1   0   1   0   1   7  39   5
16  36   0   2   0   1   1   0   0   2   0   1   0   1   1   9   8
