


 1   9   0   0   0   0   0   0   0   0   0   0   0   0   0   0   8
 2   0  16   0   0   0   0   0   0   0   0   0   0   0   0   0   0
 3   0   6  13   0   0   0   0   0   0   0   0   0   0   0   0   0
 4   0   0   5  15   3   0   0   0   0   0   0   0   0   0   0   0
 5   0   0   0   0  24   4   1   0   0   0   0   0   0   0   0   0
 6   0   0   0   0   0  10  10   0   0   0   0   0   0   0   0   0
 7   0   0   0   0   0   0  20   2   0   0   0   0   0   0   0   0
 8   0   0   0   0   0   0   3  10   2   0   0   0   0   0   0   0
 9   0   0   0   0   0   0   0   1   6   8   0   0   0   0   0   0
10   0   0   0   0   0   0   0   0   0  14   7   0   0   0   0   0
11   0   0   0   0   0   0   0   0   0   1  10   0   0   0   0   0
12   0   0   0   0   0   0   0   0   0   0   2  12   1   0   0   0
13   0   0   0   0   0   0   0   0   0   0   0   0  22   0   0   0
14   0   0   0   0   0   0   0   0   0   0   0   0   0  19   5   0
15   0   0   0   0   0   0   0   0   0   0   0   0   0   0  20   6
16   2   0   0   0   0   0   0   0   0   0   0   0   0   0   1  22


 1  18   0   0   0   0   0   0   0   0   0   0   0   0   0   0   1
 2   1  21   2   0   0   0   0   0   0   0   0   0   0   0   0   1
 3   0   7  17   2   0   0   0   0   0   0   0   0   0   0   0   0
 4   0   0   3  17   2   0   0   0   0   0   0   0   0   0   0   0
 5   0   0   0   0  12   5   0   0   0   0   0   0   0   0   0   0
 6   0   0   0   0   0   7  14   0   0   0   0   0   0   0   0   0
 7   0   0   0   0   0   0  24   0   0   0   0   0   0   0   0   0
 8   0   0   0   0   0   0   6  10   3   0   0   0   0   0   0   0
 9   0   0   0   0   0   0   0   4   5   6   0   0   0   0   0   0
10   0   0   0   0   0   0   0   0   1  23   5   0   0   0   0   0
11   0   0   0   0   0   0   0   0   0   4  16   2   0   0   0   0
12   0   0   0   0   0   0   0   0   0   0   0   8   3   0   0   0
13   0   0   0   0   0   0   0   0   0   0   0   1  11   0   0   0
14   0   0   0   0   0   0   0   0   0   0   0   0   0  11   6   0
15   0   0   0   0   0   0   0   0   0   0   0   0   0   0  18   1
16   1   0   0   0   0   0   0   0   0   0   0   0   0   0   1  20


 1   9   2   0   0   0   0   0   0   0   0   0   0   0   0   0   5
 2   1  22   0   0   0   0   0   0   0   0   0   0   0   0   0   0
 3   0   0  17   0   0   0   0   0   0   0   0   0   0   0   0   0
 4   0   1   4  17   1   0   0   0   0   0   0   0   0   0   0   0
 5   0   0   0   0  16   1   0   0   0   0   0   0   0   0   0   0
 6   0   0   0   0   0   8   7   0   0   0   0   0   0   0   0   0
 7   0   0   0   0   0   1  17   3   0   0   0   0   0   0   0   0
 8   0   0   0   0   0   0   2  15   2   1   0   0   0   0   0   0
 9   0   0   0   0   0   0   0   0   8   7   1   0   0   0   0   0
10   0   0   0   0   0   0   0   0   0  14   6   0   0   0   0   0
11   0   0   0   0   0   0   0   0   0   0  22   1   0   0   0   0
12   0   0   0   0   0   0   0   0   0   0   2  15   3   0   0   0
13   0   0   0   0   0   0   0   0   0   0   0   0  25   0   0   0
14   0   0   0   0   0   0   0   0   0   0   0   0   1  21   2   0
15   0   0   0   0   0   0   0   0   0   0   0   0   0   0  15   4
16   1   0   0   0   0   0   0   0   0   0   0   0   0   0   2  18


 1  11   0   1   0   0   0   0   0   0   0   0   0   0   0   0  10
 2   1  14   2   0   0   0   0   0   0   0   0   0   0   0   0   0
 3   0   4  10   0   0   0   0   0   0   0   0   0   0   0   0   0
 4   0   0   2  15   2   0   0   0   0   0   0   0   0   0   0   0
 5   0   0   0   0  14   6   0   0   0   0   0   0   0   0   0   0
 6   0   0   0   0   1  16  10   0   0   0   0   0   0   0   0   0
 7   0   0   0   0   0   3  17   2   0   0   0   0   0   0   0   0
 8   0   0   0   0   0   0   5   8   6   0   0   0   0   0   0   0
 9   0   0   0   0   0   0   0   2   7  13   0   0   0   0   0   0
10   0   0   0   0   0   0   0   0   0  16   2   0   0   0   0   0
11   0   0   0   0   0   0   0   0   0   3  15   1   0   0   0   0
12   0   0   0   0   0   0   0   0   0   0   0  16   4   0   0   0
13   0   0   0   0   0   0   0   0   0   0   0   0  21   2   0   0
14   0   0   0   0   0   0   0   0   0   0   0   0   1  10   7   0
15   0   0   0   0   0   0   0   0   0   0   0   0   0   0  15   5
16   0   0   0   0   0   0   0   0   0   0   0   0   0   0   3  17



 1   7   2   1   0   0   0   0   0   0   1   0   0   0   0   1   5
 2   2  15   5   1   0   0   0   0   0   0   0   0   0   0   0   1
 3   0   5  13   0   0   0   0   0   1   0   0   0   0   0   0   0
 4   0   1   4   5   1   0   0   1   0   0   0   0   0   0   0   0
 5   0   0   0   0  11   8   2   2   0   0   0   0   0   0   0   0
 6   0   0   1   0   0   8  12   1   0   1   0   0   0   0   0   0
 7   0   0   0   0   0   1  11   3   0   0   0   0   1   0   0   0
 8   0   0   2   0   0   2   4  12   0   1   0   0   0   0   0   0
 9   0   0   1   0   0   0   0   4   5   5   1   0   1   0   0   0
10   0   0   3   0   0   0   0   1   1   8   2   0   0   1   0   0
11   0   1   0   0   0   1   0   1   1   4  16   1   1   0   0   0
12   0   0   0   0   0   0   0   0   1   2   7  13   3   1   0   1
13   0   0   1   0   0   0   0   1   0   1   1   1   4   6   0   0
14   0   0   0   0   0   0   0   0   0   0   0   3   2  11   6   0
15   1   0   1   0   0   0   0   1   0   0   0   0   0   2  12   5
16   2   1   0   0   0   0   0   0   0   1   0   0   0   0   2  13


 1   7   4   0   0   0   0   1   0   0   0   0   0   0   0   2   6
 2   1  11   3   0   0   0   1   0   1   0   0   0   0   0   1   0
 3   0   3  19   2   0   0   0   0   0   0   0   0   0   0   0   0
 4   0   0  10   7   3   1   1   0   0   0   0   0   0   0   0   0
 5   0   0   2   4   6   4   4   0   0   0   0   0   0   0   0   0
 6   0   0   0   1   0   4  14   0   0   0   0   0   0   0   0   0
 7   0   0   0   0   0   1  21   3   0   0   0   0   0   0   0   0
 8   0   0   0   0   1   0  10   9   0   0   1   0   0   0   1   0
 9   0   0   0   0   0   0   3   4   6   7   0   0   0   0   1   0
10   0   1   0   0   0   0   2   0   0   9  10   1   0   0   0   0
11   0   0   0   0   0   0   1   1   1   2   9   0   0   1   0   0
12   0   0   1   0   0   0   0   1   0   1   5   8   2   0   0   0
13   0   1   0   0   0   0   0   0   0   2   0   0  10   5   0   0
14   0   0   0   1   0   0   0   0   0   0   0   0   1  11   4   0
15   0   1   1   0   0   0   0   0   0   0   0   0   0   2  13   3
16   4   0   0   0   0   0   0   0   0   0   0   0   0   0   3  11


 1  12   1   1   0   0   0   0   0   1   0   1   0   0   1   2   5
 2   0  11   2   0   0   0   1   0   0   0   0   0   0   0   2   0
 3   0   3  15   0   0   0   0   0   0   0   1   0   0   0   0   0
 4   0   1   5  11   3   0   0   0   0   0   1   0   0   0   0   0
 5   0   0   0   2   6   5   7   1   0   0   1   0   0   0   0   0
 6   0   0   0   0   0   3  14   3   0   0   0   0   0   0   0   0
 7   0   0   0   1   0   2   9   6   0   1   2   0   0   0   0   0
 8   0   0   0   0   0   0   5   5   2   2   1   0   0   0   0   0
 9   0   0   0   0   0   0   2   1   3   5   3   0   0   0   0   0
10   0   0   1   0   0   0   3   0   0   0  16   0   0   0   0   0
11   0   0   0   0   0   0   0   1   1   4  13   0   0   0   0   0
12   0   0   0   0   0   0   0   0   0   2   7   8   3   1   1   0
13   0   0   0   0   0   0   0   1   0   0   2   1  19   2   0   0
14   0   0   0   0   0   0   0   0   0   0   0   0   3  13   8   0
15   1   0   0   0   0   0   0   0   0   0   1   1   0   1  15   0
16   1   1   0   0   0   0   0   2   0   0   0   0   0   1   5   9


 1  11   2   1   0   0   0   0   0   0   1   0   0   0   0   4   1
 2   1   8   0   0   0   0   0   0   0   0   0   0   0   0   0   1
 3   0   2  11   1   1   1   0   0   0   0   0   0   0   0   2   0
 4   0   1   8  15   5   0   1   0   0   0   0   0   0   0   0   0
 5   0   0   0   1  11   4   2   0   1   0   0   0   0   0   1   0
 6   0   0   0   0   0   2   7   2   0   1   0   0   0   0   2   0
 7   0   1   0   0   0   1  16   3   1   1   0   0   0   0   1   0
 8   0   0   0   0   0   1   8   8   2   0   0   0   0   0   0   0
 9   1   1   0   0   0   0   1   3  11   9   1   0   1   0   0   0
10   0   0   0   0   0   0   0   0   1  14   6   0   0   1   0   0
11   0   0   0   0   0   1   0   1   0   5  15   1   0   2   0   0
12   0   0   0   0   1   0   0   0   0   1   5   5   6   2   0   0
13   0   0   0   0   0   0   0   1   0   0   0   0   8   1   3   0
14   0   0   1   0   0   0   1   0   0   0   0   0   0   5   8   0
15   0   0   0   0   0   0   0   0   0   0   0   0   0   1  14   5
16   3   0   0   0   0   0   0   0   0   0   0   1   0   0   8  10



 1  12   4   3   0   0   0   0   1   1   1   0   0   0   0   1   1
 2   3   6   9   0   0   1   1   0   0   1   0   0   0   1   0   0
 3   0   0   9   1   0   1   0   1   0   2   0   1   0   1   1   0
 4   0   2  12   1   0   0   1   0   0   0   0   0   0   0   0   0
 5   0   0   1   0   5   3   1   1   0   1   0   0   0   0   0   0
 6   0   0   2   0   0   5   2   4   1   2   0   0   0   0   0   1
 7   0   0   0   0   0   0   8   4   1   2   0   0   0   1   0   0
 8   0   0   2   0   0   0   6   6   2   1   1   0   1   0   0   0
 9   0   1   3   0   0   0   3   2   3   6   0   0   0   0   0   1
10   0   0   3   0   0   0   1   3   3  12   3   0   1   0   0   0
11   0   0   5   1   0   1   0   2   1   3   8   1   0   0   0   0
12   0   0   0   1   0   1   0   1   0   2   6   6   2   1   0   0
13   0   0   3   0   0   0   0   0   0   0   0   3   6   5   0   0
14   0   0   5   0   0   0   0   0   0   3   0   2   2   8   3   1
15   0   2   3   0   0   0   0   0   0   0   0   0   0   2  16   6
16   3   2   5   0   0   0   0   1   1   0   0   0   0   1   0   7


 1   5   2   1   0   0   0   3   0   0   0   0   0   0   1   0   9
 2   1   9   6   2   0   0   2   1   0   2   0   0   0   0   1   2
 3   0   6  11   0   0   0   4   0   0   1   0   0   0   0   0   0
 4   0   0   3   5   1   1   6   2   0   0   0   0   0   0   2   1
 5   0   0   0   0   6   4   6   0   1   0   0   0   0   0   0   0
 6   0   0   0   0   0   1  10   1   0   0   0   0   0   1   0   0
 7   0   0   0   0   0   2  13   1   2   2   0   0   0   0   0   0
 8   1   0   0   2   0   0  12   2   0   2   0   0   0   0   0   0
 9   0   0   2   1   0   1   8   2   4   7   2   0   0   0   0   0
10   0   1   3   0   0   0   2   0   0   4   2   0   0   1   0   0
11   0   0   0   0   0   0   7   2   0   5   8   2   0   1   1   1
12   0   0   0   0   0   0   1   2   0   0   3   3   2   0   0   0
13   0   0   0   1   0   0   4   3   0   1   1   1   9   2   1   0
14   0   0   0   1   0   1   1   1   0   1   0   0   0  10  11   1
15   1   0   1   0   0   0   2   0   0   0   0   0   0   2   5   6
16   1   0   1   0   0   0   0   0   0   0   0   0   0   0   4  10


 1   6   1   1   0   0   0   0   1   0   0   1   0   2   0   1   5
 2   1   7   3   1   0   0   1   1   1   0   1   0   0   0   0   0
 3   0   2   7   1   0   0   1   1   0   1   2   1   0   1   0   0
 4   0   1   3   5   1   1   1   2   0   0   0   0   0   0   0   0
 5   0   0   1   5   3   7   1   4   1   1   1   0   0   0   1   0
 6   0   0   0   1   0   6   6   1   1   1   1   0   0   0   1   0
 7   0   0   0   0   0   2  11   8   0   3   2   0   0   1   0   1
 8   0   0   2   1   0   1  11   9   2   1   4   0   0   1   0   0
 9   0   0   2   0   0   1   1   2   2   2   5   0   0   0   0   0
10   0   0   1   0   0   0   1   1   0   6   7   0   1   1   0   0
11   0   0   2   0   0   0   0   1   1   2   9   0   1   1   0   0
12   0   1   0   1   0   0   1   0   0   0  13   2   2   1   0   0
13   0   0   1   1   0   0   0   2   0   0   5   2  10   1   1   0
14   0   0   1   1   0   0   0   0   0   0   1   0   3   7   3   0
15   0   0   0   0   0   0   1   1   0   1   0   0   0   1  14   1
16   1   0   2   1   0   0   3   2   0   0   2   0   0   1   4   7


 1  10   3   2   0   0   0   1   0   0   1   1   1   0   0   2   6
 2   1   7   0   0   0   0   0   1   0   0   0   0   0   0   3   1
 3   1   5  12   1   0   0   0   2   1   0   0   0   0   0   3   1
 4   0   0   1   6   3   2   0   2   0   1   0   0   0   0   3   0
 5   0   0   2   0   3   2   1   2   0   0   0   1   0   0   2   0
 6   0   1   1   0   0   6   5   1   0   0   0   0   0   1   1   0
 7   0   0   0   0   0   3   8   4   1   3   3   0   0   0   2   0
 8   0   2   0   1   0   1   2   8   2   1   0   0   0   0   2   1
 9   1   0   0   1   0   1   2   4   1   5   3   0   1   0   4   0
10   0   2   0   0   0   0   0   1   0   3   4   0   0   1   8   0
11   0   0   0   0   0   0   0   3   0   2  10   1   0   0   4   0
12   1   0   0   0   0   0   1   0   1   5   6   4   0   3   6   0
13   0   0   0   0   0   0   0   1   1   1   0   0   7   2   3   0
14   0   1   0   0   0   0   0   2   0   1   0   0   1  10  11   1
15   0   0   1   1   0   0   1   0   0   1   0   0   0   0   9   1
16   1   0   0   0   0   0   0   1   0   0   0   0   0   0   6  10



 1  74   6   0   0   0   0   0   0   0   0   0   0   0   0   0   6
 2  16  57   9   0   0   0   0   0   0   0   0   0   0   0   0   0
 3   0  14  65  10   2   0   0   0   0   0   0   0   0   0   0   0
 4   0   0   3  68  19   0   0   0   0   0   0   0   0   0   0   0
 5   0   0   0   8  61   8   0   0   0   0   0   0   0   0   0   0
 6   0   0   0   0   7  51   8   0   0   0   0   0   0   0   0   0
 7   0   0   0   0   0   7  40  16   0   0   0   0   0   0   0   0
 8   0   0   0   0   0   0   2  63  23   0   0   0   0   0   0   0
 9   0   0   0   0   0   0   0   4  62   3   0   0   0   0   0   0
10   0   0   0   0   0   0   0   1  12  57   9   0   0   0   0   0
11   0   0   0   0   0   0   0   0   0   3  63  14   0   0   0   0
12   0   0   0   0   0   0   0   0   0   1   1  64  16   0   0   0
13   0   0   0   0   0   0   0   0   0   0   0  11  69  12   0   0
14   0   0   0   0   0   0   0   0   0   0   0   0   6  70  10   1
15   1   0   0   0   0   0   0   0   0   0   0   0   0   8  50  14
16  27   0   0   0   0   0   0   0   0   0   0   0   0   0   1  47



 1  61   8   0   0   0   0   1   0   0   0   0   0   0   1   1  11
 2  29  32   7   1   2   1   0   0   1   0   0   0   0   1   1   3
 3   9   6  47  19   3   2   0   0   1   0   0   1   0   1   0   0
 4   3   1   4  38  30   2   0   1   0   0   0   1   0   0   0   0
 5   4   2   1   6  46   4   2   2   0   0   1   0   0   0   0   0
 6   2   1   0   5  22  44   8   2   1   0   0   0   1   2   0   0
 7   3   0   0   3   2  10  38  15   4   0   2   1   0   0   1   0
 8   5   0   0   0   2   1   2  32  15   2   0   2   1   1   0   0
 9   2   0   0   2   0   1   1  10  60   7   2   2   1   0   0   1
10   1   0   0   0   0   0   1   4  23  43  12   1   0   1   0   0
11   3   0   1   1   0   1   0   1   4  12  28  24   8   1   1   0
12   1   0   1   0   0   0   0   0   1   3   4  39  29   3   0   1
13   3   0   0   0   0   1   0   1   0   2   0  12  55  14   1   3
14   2   0   0   0   0   0   1   1   0   0   0   1  22  30  13   6
15  11   0   0   0   0   0   0   1   0   1   0   0   5  10  24  12
16  43   1   0   0   1   0   0   0   2   0   0   0   3   2   2  24



 1  40   3   3   4   1   2   0   2   3   1   0   2   1   1   1   4
 2  43  15   3   3   1   0   0   1   0   2   1   0   1   2   0   2
 3  16  10  29  14   6   1   0   1   2   1   0   1   3   4   0   1
 4   8   1   4  23   7   4   1   3   1   2   0   1   3   1   0   0
 5  10   3   1  11  42   8   1   3   1   3   1   1   1   1   0   1
 6   8   2   0   1  14  22   8   3   3   3   1   1   3   2   0   0
 7  10   3   2   1   7   8  21  11   3   2   0   0   0   4   0   1
 8   6   1   0   2   2   3   4  35  22   3   1   0   1   2   1   2
 9  11   2   0   2   0   2   1  10  28  12   2   3   5   1   0   1
10   2   2   0   3   0   2   0   4  15  29   6   3   2   2   0   0
11  11   0   1   0   1   1   0   2   3  21  15  19   5   4   2   1
12  16   1   0   4   1   0   0   3   1   6   3  26  19   4   1   2
13  13   0   0   2   0   1   0   0   0   3   0  12  48  15   0   5
14  21   2   1   1   0   1   1   0   5   2   1   7  20  25   6   7
15  17   0   1   0   0   1   1   1   2   1   1   2   2   3  27  12
16  37   2   1   3   1   0   0   2   1   2   0   2   1   1   4  23
