


 1   5   1   6   0   0   0   0   0   0   0   0   0   0   0   0   1
 2   1   4  16   1   0   0   0   0   0   0   0   0   0   0   0   0
 3   0   0  13   0   0   0   0   0   0   0   0   0   0   0   0   0
 4   0   0  19   1   2   1   0   0   0   0   0   0   0   0   0   0
 5   0   0  14   0   3   0   0   0   0   0   0   0   0   0   0   0
 6   0   0  12   0   1   3   2   0   0   0   0   0   0   0   0   0
 7   0   0   9   1   0   1   4   1   0   0   0   0   0   0   0   0
 8   0   0   7   0   0   0   0  15   1   0   0   0   0   0   0   0
 9   0   0   4   0   0   1   0   0  11   0   0   0   0   0   0   1
10   0   0   1   0   0   0   0   0   1   4   2   2   0   1   3   1
11   0   0   3   0   0   0   0   0   0   0   3   3   3   2   0   0
12   0   0   0   0   0   0   0   0   0   0   2   6   1   0   1   0
13   0   0   1   0   0   0   0   0   0   0   4   4   7   2   0   0
14   0   0   1   0   0   0   0   0   0   0   2   3   1   4   2   0
15   0   0   3   0   0   0   0   0   0   0   0   0   0   0   6   5
16   4   0   1   0   0   0   0   0   0   0   0   0   0   0   0   5


 1  10   0   0   0   0   0   8   0   0   0   0   0   0   0   0   3
 2   1   6   0   0   0   0  12   0   0   0   0   0   0   0   0   0
 3   0   0   0   0   0   0  13   0   0   0   0   0   0   0   0   0
 4   0   0   0   0   0   0  14   0   0   0   0   0   0   0   0   0
 5   0   0   0   1   0   0  12   0   0   0   0   0   0   0   0   0
 6   0   0   0   0   0   0  15   0   0   0   0   0   0   0   0   0
 7   0   0   0   0   0   0  15   0   0   0   0   0   0   0   0   0
 8   0   0   0   0   0   0  14   3   0   0   0   0   0   0   0   0
 9   0   0   0   0   0   0   5   3  13   0   0   0   0   0   0   0
10   0   0   0   0   0   0   1   0   2   7   3   1   1   0   0   0
11   0   0   0   0   0   0   1   0   0   0  11   4   1   1   0   0
12   0   0   0   0   0   0   2   0   0   0   7   3   1   1   0   0
13   0   0   0   0   0   0   0   0   0   0   4   2   8   0   1   0
14   0   0   0   0   0   0   2   0   0   0   1   0   5   3   3   1
15   0   0   0   0   0   0   3   0   0   0   0   0   0   2   4   3
16   2   0   0   0   0   0   3   0   0   0   0   0   0   0   0  14


 1   5   1   0   0   0   0   0   0   0   0   2   0   0   0   0   2
 2   2   7   6   1   0   0   0   0   0   0   2   0   0   0   0   0
 3   0   3   9   3   1   0   0   0   0   0   3   0   0   0   0   0
 4   0   0   3   6   2   3   0   0   0   0   1   0   0   0   0   0
 5   0   0   3   4   5   2   0   0   0   0   0   0   0   0   0   0
 6   0   0   3   1   7   2   2   0   0   0   5   0   0   0   0   0
 7   0   0   0   0   1   3  14   3   0   0   1   0   0   0   0   0
 8   0   0   0   1   0   1   1   8   3   0   3   0   0   0   0   0
 9   0   0   0   0   0   0   0   0   6   1   3   0   0   0   0   1
10   0   0   0   0   0   0   0   0   0   1  15   0   0   0   0   0
11   0   0   0   0   0   0   0   0   0   0  14   0   0   0   0   0
12   0   0   0   0   0   0   0   0   0   0  17   0   0   0   0   0
13   0   0   0   0   0   0   0   0   0   0  13   0   0   0   0   0
14   0   0   0   0   0   0   0   0   0   0  17   0   0   3   0   0
15   1   0   0   0   0   0   0   0   0   0  12   0   0   0   2   0
16   4   0   0   0   0   0   0   0   0   0   2   0   0   0   1   8


 1   6   0   0   0   0   0   0   0   0   0   0   0   0   0   5   1
 2   0  12   6   2   0   1   0   0   0   0   0   0   0   0   4   0
 3   0   3  10   1   3   0   0   0   0   0   0   0   0   0   2   0
 4   0   0   4   7   2   1   1   0   0   0   0   0   0   0   2   0
 5   0   0   2   5   4   3   0   0   0   0   0   0   0   0   3   0
 6   0   0   0   2   7   3   4   0   0   0   0   0   0   0   3   0
 7   0   0   1   1   1   5   5   2   0   0   0   0   0   0   1   0
 8   0   1   0   0   1   1   3   4   0   0   0   0   0   0   1   0
 9   0   0   0   0   0   0   0   0  10   1   0   0   0   0   5   0
10   0   0   0   0   0   0   0   0   0   4   0   0   1   0   5   0
11   0   0   0   0   0   0   0   0   0   0   2   5   1   0  13   0
12   0   0   0   0   0   0   0   0   0   0   3   4   3   1  12   0
13   0   0   0   0   0   0   0   0   0   0   1   3   1   1  12   0
14   0   0   0   0   0   0   0   0   0   0   1   1   0   1   8   0
15   0   0   0   0   0   0   0   0   0   0   0   0   0   0  11   1
16   1   0   0   0   0   0   0   0   0   0   0   0   0   0   5   3



 1   7   0  15   0   0   0   0   0   0   0   1   0   0   0   1   2
 2   0   0  16   0   0   0   0   0   0   0   0   0   0   0   0   0
 3   0   0  14   0   0   0   0   0   0   0   0   0   0   0   0   0
 4   0   0  17   0   0   0   0   0   0   0   0   0   0   0   0   0
 5   0   0   8   0   1   0   0   0   0   0   0   0   0   0   0   0
 6   0   0  18   0   3   0   0   1   0   0   0   0   0   0   0   0
 7   0   0   6   0   0   1   2   2   0   0   0   0   0   0   0   0
 8   0   0   8   0   0   0   2   4   3   0   0   0   0   0   0   0
 9   0   0   8   0   0   0   0   1   6   0   0   0   0   0   0   1
10   0   0   5   0   0   0   0   0   1   2   3   0   0   2   1   1
11   0   0   1   0   0   0   0   0   0   1   2   2   4   1   0   0
12   0   0   6   0   0   0   0   0   0   0   2   6   7   4   1   0
13   0   0   3   0   0   0   0   0   0   0   3   2   4   6   0   1
14   0   0   1   0   0   0   0   0   0   0   2   0   2   6   2   0
15   0   0   4   0   0   0   0   0   0   1   0   0   0   6   2   1
16   2   0   5   0   0   0   0   0   0   0   0   0   0   0   0   3


 1   2   0   0   0   0   0   9   0   0   0   0   0   0   0   0   2
 2   0   2   1   0   0   0  13   0   0   0   0   0   0   0   0   0
 3   0   1   0   0   0   0  10   0   1   0   0   0   0   0   0   0
 4   0   0   0   0   0   0  18   0   0   0   0   0   0   0   0   0
 5   0   0   0   0   0   0  19   0   0   0   0   0   0   0   0   0
 6   0   0   0   0   0   0  14   0   0   0   0   0   0   0   0   0
 7   0   0   0   0   0   0  19   1   0   0   1   0   0   0   0   0
 8   0   0   0   0   0   0  17   2   4   0   0   0   0   0   0   0
 9   0   0   0   0   0   0   8   3   9   0   0   0   0   0   0   0
10   0   0   0   0   0   0   4   0   0   1   1   0   0   1   0   0
11   0   0   0   0   0   0   3   0   0   0   6   8   3   2   0   0
12   0   0   0   0   0   0   2   0   2   0   3   3   4   3   0   0
13   0   0   0   0   0   0   3   0   0   1   5   5   3   2   0   0
14   0   0   0   0   0   0   2   0   0   0   5   1   0   3   0   1
15   0   0   0   0   0   0   1   0   1   1   0   1   1   0   4   0
16   1   0   0   0   0   0   6   0   0   0   0   0   0   0   1   6


 1   6   0   0   1   0   0   0   0   1   0   6   0   0   0   0   2
 2   1   1   4   0   3   0   0   0   0   0   5   0   0   0   0   0
 3   0   0   7   3   1   0   0   0   0   0   4   0   0   0   0   0
 4   0   0   2   4   0   3   0   0   0   0   2   0   0   0   0   0
 5   0   0   2   1   3   2   2   0   0   0   6   0   0   0   0   0
 6   0   0   0   1   6   5   2   0   0   0   5   0   0   0   0   0
 7   0   0   0   0   3   3   5   1   0   0   6   0   0   0   0   0
 8   0   0   0   1   0   1   0   3   3   0   7   0   0   0   0   0
 9   0   0   0   0   0   0   0   2   7   1   8   0   0   0   0   0
10   0   0   0   0   0   0   0   0   0   0  15   0   0   0   0   0
11   0   0   0   0   0   0   0   0   0   0  14   0   0   0   0   0
12   0   0   0   0   0   0   0   0   0   0  14   0   0   0   0   0
13   0   0   0   0   0   0   0   0   0   0  17   0   0   0   0   0
14   0   0   0   0   0   0   0   0   0   0  12   0   0   0   1   0
15   2   0   0   0   0   0   0   0   0   0  16   0   0   0   2   1
16   1   0   0   0   0   0   0   0   0   0  10   0   0   0   2   7


 1   1   2   0   1   0   0   0   0   0   0   0   0   0   0  20   0
 2   1   3   7   0   0   0   0   0   0   0   0   0   0   0   8   0
 3   0   2   5   1   1   0   0   0   0   0   0   0   0   0   4   0
 4   0   0   3   4   2   1   0   0   0   0   0   0   0   0   6   0
 5   0   0   2   5   3   1   2   0   0   0   0   0   0   0   3   0
 6   0   1   2   2   1   1   0   0   0   0   0   0   0   0   3   0
 7   0   0   1   1   1   1   5   1   0   0   0   0   0   0   0   0
 8   0   0   0   2   1   1   2   9   2   0   0   0   0   0   6   0
 9   0   0   0   0   0   0   0   0   7   0   0   0   0   0   5   0
10   0   0   0   0   0   0   0   0   2   2   0   0   0   0  11   0
11   0   0   0   0   0   0   0   0   0   0   2   3   2   0   7   0
12   0   0   0   0   0   0   0   0   0   0   2   1   2   1  12   0
13   0   0   0   0   0   0   0   0   0   0   2   2   0   0  18   0
14   0   0   0   0   0   0   0   0   0   0   0   0   2   1  16   0
15   0   0   0   0   0   0   0   0   0   0   0   0   0   0   9   0
16   0   0   0   0   0   0   0   0   0   0   0   0   0   0  15   1



 1   2   0  14   0   0   0   0   0   0   0   0   0   0   0   0   2
 2   0   0  13   0   0   0   0   0   0   0   0   0   0   1   0   0
 3   0   0  14   0   0   0   0   0   0   0   0   0   0   0   0   0
 4   0   0  22   0   0   0   0   0   0   0   0   0   0   0   0   0
 5   0   0  14   1   0   0   0   0   0   0   0   0   0   0   0   0
 6   0   0  11   0   0   0   0   0   0   0   0   0   0   0   0   0
 7   0   0  12   0   0   1   1   0   0   0   0   0   0   0   0   0
 8   0   0   8   0   0   0   2   1   1   0   0   0   0   0   0   0
 9   0   0   6   0   0   0   0   0   4   2   0   0   0   0   0   0
10   0   0   5   0   0   0   0   0   2   3   2   1   0   1   1   1
11   0   0   6   0   0   0   0   0   0   0   3   1   3   2   0   0
12   0   0   6   0   0   0   0   0   0   0   1   3   4   2   0   0
13   0   0   9   0   0   0   0   0   0   0   3   4   6   4   0   0
14   0   0   8   0   0   0   0   0   0   0   2   4   1   5   4   0
15   1   0   5   0   0   0   0   0   0   0   0   2   0   2   4   2
16   2   0   2   0   0   0   0   0   1   0   0   1   0   0   2   3


 1   1   1   0   0   0   0  16   0   0   0   0   0   0   1   0   3
 2   0   1   0   0   0   0  11   0   0   0   0   0   0   0   0   0
 3   0   0   1   0   0   0  12   0   0   0   0   0   0   0   0   0
 4   0   0   0   1   0   0  18   0   0   0   0   0   1   0   0   0
 5   0   0   0   0   0   0  15   0   0   0   0   0   0   0   0   0
 6   0   0   0   0   0   0  10   0   0   0   0   0   0   1   0   0
 7   0   0   0   0   0   0  17   0   0   0   0   0   0   0   0   0
 8   0   0   0   0   0   0  13   0   2   0   0   0   0   0   0   0
 9   0   0   0   0   0   0  10   1   3   0   1   0   0   0   0   0
10   0   0   0   0   0   0   6   0   2   1   2   2   0   1   0   0
11   0   0   0   0   0   0   3   0   0   0   3   1   1   1   0   0
12   0   0   0   0   0   0   6   0   0   0   4   3   7   0   0   0
13   0   0   0   0   0   0   5   0   0   1   7   4   1   0   0   0
14   0   0   0   0   0   0   2   0   2   0   3   4   1   4   1   0
15   0   0   0   0   0   0   9   0   0   0   1   0   2   3   3   1
16   1   0   0   0   0   0  11   0   0   1   0   0   0   1   3   2


 1   3   2   0   0   0   0   0   0   0   0  13   0   0   0   0   1
 2   0   1   5   0   1   0   0   0   0   0  12   0   0   0   0   0
 3   0   0   3   3   1   0   1   0   0   0   8   0   0   0   0   0
 4   0   0   1   5   0   0   2   0   0   0   5   0   0   0   0   0
 5   0   0   0   5   2   2   0   0   0   0  11   0   0   0   0   0
 6   0   0   1   2   3   2   2   0   0   0  10   0   0   0   0   0
 7   0   0   1   0   0   3   3   0   0   0   3   0   0   0   0   0
 8   0   0   0   0   0   0   0   1   3   0   4   0   0   0   0   0
 9   0   0   0   0   0   0   0   0   2   0  15   0   0   0   0   0
10   0   0   0   0   0   0   0   0   1   0  22   0   0   0   0   0
11   0   0   0   0   0   0   0   0   0   0  21   0   0   0   0   0
12   0   0   0   0   0   0   0   0   0   0  15   0   0   0   0   0
13   0   0   0   0   0   0   0   0   0   0  12   0   0   0   0   0
14   0   0   0   0   0   0   0   0   0   0  15   0   0   0   0   0
15   0   0   0   0   0   0   0   0   0   0  19   0   0   0   1   0
16   0   1   0   0   0   0   0   0   0   0   5   0   0   0   0   2


 1   0   1   1   0   0   0   0   0   0   0   0   0   0   0  15   0
 2   0   3   1   1   0   0   0   0   0   0   0   0   0   0  14   0
 3   0   0   4   1   2   0   0   0   0   0   0   0   0   0   7   0
 4   0   0   2   2   1   0   0   0   2   0   0   0   0   0   6   0
 5   0   0   0   3   0   0   0   0   0   0   0   0   0   0   8   0
 6   0   0   1   1   2   2   3   0   0   0   0   0   0   0  10   0
 7   0   0   1   2   3   2   1   0   0   0   1   0   0   0  13   0
 8   0   0   0   0   0   1   1   5   2   0   0   0   0   0  11   0
 9   0   0   0   0   0   0   0   0   3   1   1   0   0   0   9   0
10   0   0   0   0   0   0   0   0   2   1   1   0   0   0   9   0
11   0   0   0   0   0   0   0   0   0   0   2   1   0   0   9   0
12   0   0   0   0   0   0   0   0   2   0   0   1   2   0  17   0
13   0   0   0   0   0   0   0   0   0   0   0   0   2   0  16   0
14   0   0   0   0   0   0   0   0   0   1   0   0   0   0   7   0
15   0   0   0   0   0   0   0   0   1   0   0   0   0   0  17   0
16   0   0   0   0   0   0   0   0   0   0   0   0   0   0  15   0



 1  53   1   0   0   0   0   0   0   0   0   0   0   0   0   0   0
 2  55   7   3   1   0   0   0   0   0   0   0   0   0   0   0   0
 3  37   4  22   0   0   0   0   0   0   0   0   0   0   0   0   0
 4  34   0   3  25  11   3   1   1   0   0   0   0   0   0   0   0
 5  24   1   0   4  27   6   5   1   0   0   0   0   0   0   0   0
 6  13   0   0   0  12  33   8   2   1   0   0   0   0   0   0   0
 7   9   0   0   1   6   9  28   4   1   0   0   0   0   1   0   0
 8   8   0   0   0   1   2  15  17  15   4   0   1   3   1   0   0
 9  10   0   0   0   1   1   1  10  21  11   4   2   0   0   0   0
10   5   0   0   1   0   0   1   1   8  30   5   3   1   0   0   0
11  14   0   0   0   0   0   0   0   7  11  32   5   0   0   0   0
12  23   0   0   0   0   0   0   0   5   4   9  16   4   0   1   0
13  30   0   0   0   0   0   0   0   0   0   1   3  22  13   1   0
14  30   0   0   0   0   0   0   0   0   1   0   1   4  17  10   1
15  33   0   0   0   0   1   0   0   0   0   0   0   1   5  12   3
16  54   1   0   0   0   0   0   0   0   0   0   0   1   1   1   6



 1  56   1   0   0   1   0   0   0   0   0   0   0   0   0   0   0
 2  63   3   4   0   0   0   0   0   0   0   0   0   0   0   0   0
 3  53   3  11   2   0   1   0   0   0   0   0   0   0   0   0   0
 4  42   0   4   4   9   1   0   1   0   0   0   0   0   0   0   0
 5  29   0   0   3  15  12   6   2   0   0   0   0   0   0   0   0
 6  26   0   2   0  10  18  10   4   0   0   0   0   0   0   0   0
 7  20   0   0   1   7  13  18   3   2   1   0   0   0   1   1   0
 8  15   0   0   1   7   3   3   7   7   1   3   2   1   1   0   0
 9   6   0   1   1   1   2   2   2  18   6   5   1   0   0   0   0
10  20   0   0   0   0   2   1   1   7  25  10   7   1   0   0   0
11  23   0   0   0   0   0   0   0   5   5  16   8   2   1   0   0
12  30   0   0   0   0   0   0   0   2   1  10  15   5   0   0   0
13  27   0   1   0   0   0   0   1   0   0   3  10   9   5   2   0
14  42   0   0   0   0   0   0   0   0   1   0   1   2   7   7   1
15  60   0   0   0   0   0   0   0   1   0   0   0   3   6  14   1
16  61   0   0   0   0   0   0   0   0   0   0   0   0   0   2   1



 1  69   0   0   0   0   0   0   0   0   0   1   0   0   0   0   0
 2  65   0   2   0   0   0   0   0   0   0   0   0   0   0   0   0
 3  51   2   3   1   2   0   0   0   0   0   0   0   0   0   0   0
 4  46   0   2   4   3   3   0   1   0   0   0   0   0   0   0   0
 5  41   0   0   1   9   2   3   1   0   0   0   0   0   0   0   0
 6  25   0   0   0   8   8   9   1   0   0   2   0   0   0   0   0
 7  32   0   0   1   7   8   8   4   0   0   0   0   0   0   0   0
 8  29   0   2   0   4   5   5  10  11   1   1   1   1   1   0   0
 9  36   0   0   0   2   2   5   5  10   5   4   2   2   0   0   0
10  33   0   0   1   0   0   0   2   6  15   7   2   2   0   0   0
11  45   0   0   0   0   0   0   1   3  12  12   8   1   0   0   0
12  38   0   0   0   0   0   0   0   3   6   6   9   7   0   0   0
13  29   0   0   0   0   0   0   0   1   2   0   5  10   3   1   0
14  41   0   0   0   0   0   2   0   0   1   2   0   2   6   7   0
15  60   0   0   0   0   0   0   0   0   0   0   0   0   2   6   0
16  52   0   0   0   0   0   0   1   0   0   0   2   0   0   1   0
